6 0 22 38
7 0 23 25
2 0 17 26
3 0 13 32
4 0 24 35
5 0 20 17
6 1 22 40
7 1 25 25
2 1 17 25
3 1 13 33
4 1 22 36
5 1 21 16
6 2 22 41
2 2 17 24
3 2 13 35
4 2 21 36
5 2 22 16
6 3 22 43
2 3 17 23
3 3 14 36
4 3 19 37
5 3 24 16
6 4 23 44
2 4 17 22
3 4 14 38
4 4 18 38
5 4 24 16
6 5 23 46
2 5 17 21
3 5 14 39
4 5 17 39
6 6 23 47
2 6 17 20
3 6 15 41
4 6 15 40
6 7 23 49
2 7 17 19
3 7 15 42
4 7 15 40
6 8 24 50
2 8 17 18
3 8 15 43
6 9 24 52
2 9 17 17
3 9 16 45
6 10 24 53
2 10 17 16
3 10 16 46
6 11 24 55
2 11 17 15
3 11 17 48
6 12 24 56
2 12 17 14
3 12 17 49
2 13 17 13
3 13 17 51
2 14 17 12
3 14 18 52
2 15 17 11
3 15 18 54
3 16 18 55
3 17 19 56
3 18 19 57
4 22 15 40
4 23 16 41
4 24 17 42
4 25 18 43
4 26 19 44
4 27 20 45
3 28 19 57
4 28 20 45
3 29 19 56
4 29 21 46
3 30 20 54
4 30 22 47
3 31 20 53
4 31 23 48
3 32 20 52
4 32 24 49
3 33 20 51
4 33 25 50
3 34 21 49
4 34 26 50
3 35 21 48
4 35 26 51
3 36 21 47
4 36 27 52
3 37 22 45
3 38 22 44
3 39 22 43
3 40 22 43
5 40 24 16
5 41 24 18
5 42 23 19
5 43 23 21
5 44 23 22
5 45 23 24
5 46 23 25
5 47 23 27
5 48 23 28
5 49 23 30
5 50 23 31
5 51 22 33
5 52 22 34
5 53 22 36
6 54 24 55
5 54 22 37
6 55 24 53
7 55 25 24
5 55 22 39
6 56 24 51
7 56 24 22
5 56 22 40
6 57 24 50
7 57 23 21
5 57 22 42
6 58 24 48
7 58 23 19
5 58 22 43
6 59 24 46
7 59 22 18
5 59 22 44
6 60 23 45
7 60 21 16
6 61 23 43
7 61 21 15
6 62 23 42
7 62 20 13
4 62 26 51
6 63 23 40
7 63 19 11
4 63 25 50
6 64 23 38
7 64 19 10
4 64 24 49
6 65 23 37
7 65 18 8
4 65 22 48
6 66 23 35
7 66 17 7
4 66 21 47
6 67 22 34
7 67 17 5
4 67 20 46
6 68 22 32
7 68 16 4
4 68 19 45
6 69 22 32
7 69 15 2
2 69 17 12
4 69 18 44
7 70 14 6
2 70 18 13
4 70 17 44
7 71 14 6
2 71 19 15
2 72 20 16
2 73 21 18
2 74 22 19
2 75 23 20
2 76 24 22
2 77 24 23
2 78 25 25
2 79 26 26
2 80 27 27
2 81 27 27
5 82 22 43
5 83 21 41
5 84 21 39
4 85 17 43
5 85 21 37
4 86 17 42
5 86 21 35
4 87 17 41
5 87 20 34
3 88 22 43
4 88 17 39
5 88 20 32
3 89 22 44
4 89 17 38
5 89 20 30
3 90 22 46
4 90 18 37
5 90 20 28
3 91 22 47
4 91 18 36
5 91 20 26
3 92 22 49
4 92 18 35
5 92 19 25
3 93 22 50
4 93 18 33
5 93 19 23
3 94 22 51
4 94 18 32
5 94 19 21
3 95 22 53
4 95 18 31
5 95 19 19
3 96 21 54
4 96 19 30
5 96 19 17
3 97 21 55
4 97 19 29
5 97 18 16
3 98 21 57
4 98 19 27
5 98 18 14
3 99 21 58
4 99 19 26
5 99 18 12
3 100 21 59
4 100 19 25
5 100 18 10
4 101 20 24
5 101 17 8
4 102 20 23
5 102 17 6
4 103 20 21
5 103 17 5
4 104 20 20
4 105 20 19
7 106 14 2
4 106 20 18
7 107 14 3
4 107 21 17
7 108 14 5
4 108 21 15
7 109 14 7
4 109 21 14
6 110 22 33
7 110 14 8
4 110 21 13
6 111 23 35
7 111 14 10
4 111 21 12
6 112 23 36
7 112 15 12
4 112 21 11
6 113 23 38
7 113 15 13
4 113 22 9
6 114 23 40
7 114 15 15
2 114 27 28
4 114 22 8
6 115 23 42
7 115 15 17
2 115 25 28
4 115 22 7
6 116 24 44
7 116 15 18
2 116 24 28
4 116 22 6
6 117 24 46
7 117 15 20
2 117 23 28
4 117 22 5
6 118 24 48
7 118 15 22
2 118 21 28
4 118 22 4
6 119 24 50
7 119 15 23
2 119 20 28
6 120 24 52
7 120 15 25
2 120 19 28
6 121 25 54
7 121 15 27
2 121 18 28
6 122 25 56
7 122 15 28
2 122 16 29
6 123 25 58
7 123 15 30
2 123 16 29
6 124 25 59
7 124 15 32
7 125 15 33
7 126 15 35
7 127 15 37
7 128 15 39
7 129 15 40
3 129 21 58
7 130 15 42
3 130 21 57
7 131 15 44
3 131 21 56
7 132 15 45
3 132 21 54
7 133 15 47
3 133 22 53
7 134 15 49
3 134 22 52
7 135 15 50
3 135 22 51
7 136 15 52
3 136 22 50
7 137 15 54
3 137 22 49
7 138 15 55
3 138 22 48
7 139 15 57
3 139 22 46
3 140 22 45
3 141 23 44
3 142 23 43
3 143 23 42
3 144 23 41
3 145 23 39
3 146 23 38
3 147 23 37
3 148 23 36
6 149 25 58
3 149 23 35
6 150 25 57
3 150 24 34
6 151 25 56
3 151 24 32
6 152 25 55
3 152 24 31
6 153 25 54
3 153 24 30
6 154 25 53
3 154 24 29
6 155 25 52
3 155 24 28
6 156 25 51
3 156 24 27
6 157 24 50
3 157 24 25
5 157 18 6
6 158 24 49
3 158 25 24
5 158 19 8
6 159 24 47
3 159 25 23
5 159 19 9
6 160 24 46
3 160 25 22
4 160 22 6
5 160 20 11
6 161 24 45
3 161 25 21
4 161 22 7
5 161 21 12
6 162 24 44
7 162 15 56
3 162 25 20
4 162 22 9
6 163 24 43
7 163 15 55
3 163 25 19
4 163 21 11
6 164 24 42
7 164 15 54
3 164 25 17
4 164 21 12
6 165 24 41
7 165 16 52
3 165 25 16
4 165 21 14
6 166 24 40
7 166 16 51
3 166 25 15
4 166 21 16
6 167 24 39
7 167 16 50
3 167 26 14
4 167 21 16
6 168 24 38
7 168 16 49
3 168 26 13
6 169 24 37
7 169 16 48
3 169 26 12
6 170 24 36
7 170 17 47
2 170 16 29
3 170 26 10
6 171 23 35
7 171 17 46
2 171 17 30
3 171 26 9
6 172 23 34
7 172 17 45
2 172 17 31
3 172 26 8
6 173 23 33
7 173 17 44
2 173 18 31
3 173 26 7
6 174 23 32
7 174 17 43
2 174 18 32
3 174 26 6
6 175 23 31
7 175 18 42
2 175 19 33
3 175 27 5
6 176 23 30
7 176 18 41
2 176 19 34
3 176 27 3
6 177 23 29
7 177 18 40
2 177 20 35
3 177 27 2
7 178 18 39
2 178 20 36
3 178 27 2
7 179 18 37
2 179 21 37
7 180 19 36
2 180 21 38
7 181 19 35
2 181 22 38
7 182 19 34
2 182 22 39
4 182 21 16
7 183 19 33
2 183 23 40
4 183 20 18
7 184 19 32
2 184 23 41
4 184 20 20
7 185 20 31
2 185 24 42
4 185 19 21
7 186 20 30
2 186 24 43
4 186 19 23
7 187 20 29
2 187 25 44
4 187 19 24
7 188 20 28
2 188 25 45
4 188 18 24
7 189 20 27
2 189 26 45
7 190 20 26
2 190 26 46
4 190 19 24
7 191 21 25
2 191 27 47
4 191 20 23
7 192 21 23
2 192 27 48
4 192 20 21
7 193 21 22
2 193 28 49
4 193 21 20
7 194 21 21
2 194 28 50
4 194 21 20
7 195 21 20
2 195 28 50
7 196 22 19
7 197 22 18
7 198 22 17
7 199 22 16
3 203 26 2
3 204 25 3
3 205 24 5
3 206 23 6
3 207 23 6
3 212 23 7
3 213 22 8
3 214 22 9
3 215 22 10
3 216 22 11
6 217 22 28
3 217 22 12
5 217 21 13
6 218 21 27
3 218 22 13
5 218 21 14
6 219 20 26
3 219 22 14
5 219 21 15
6 220 18 25
3 220 22 15
5 220 21 17
6 221 17 24
3 221 22 16
5 221 21 18
6 222 16 22
3 222 22 17
5 222 21 19
6 223 14 21
3 223 22 18
5 223 21 21
6 224 13 21
3 224 21 19
5 224 21 22
3 225 21 20
5 225 21 23
3 226 21 21
5 226 21 25
3 227 21 22
5 227 21 26
3 228 21 23
5 228 21 27
3 229 21 24
5 229 21 29
3 230 21 25
5 230 21 30
3 231 21 26
5 231 21 31
3 232 21 27
5 232 21 33
3 233 21 28
5 233 21 34
3 234 20 29
5 234 21 35
3 235 20 30
5 235 21 37
3 236 20 31
5 236 21 38
3 237 20 32
5 237 21 39
2 238 28 50
3 238 20 33
5 238 21 41
2 239 28 49
3 239 20 34
5 239 21 42
2 240 27 47
3 240 20 35
5 240 21 43
2 241 27 46
3 241 20 36
5 241 21 45
2 242 27 45
3 242 20 37
5 242 21 46
2 243 26 43
3 243 20 38
5 243 21 47
2 244 26 42
3 244 20 39
5 244 21 49
2 245 25 40
3 245 19 40
5 245 21 50
2 246 25 39
3 246 19 41
5 246 21 51
2 247 24 37
3 247 19 42
5 247 21 52
2 248 24 36
2 249 24 34
2 250 23 33
4 250 21 21
2 251 23 32
4 251 20 22
2 252 22 30
4 252 19 24
2 253 22 29
4 253 18 25
2 254 21 27
4 254 18 25
2 255 21 26
2 256 21 24
2 257 20 23
4 257 17 25
7 258 22 16
2 258 20 21
4 258 16 24
7 259 22 18
2 259 19 20
4 259 15 23
7 260 22 19
2 260 19 19
3 260 19 42
4 260 13 23
7 261 22 20
2 261 18 17
3 261 20 43
4 261 12 22
7 262 22 22
2 262 18 16
3 262 20 44
4 262 11 22
7 263 22 23
2 263 18 14
3 263 20 45
4 263 9 21
7 264 22 24
2 264 17 13
3 264 20 46
4 264 8 20
7 265 22 26
2 265 17 11
3 265 21 47
4 265 7 20
7 266 22 27
2 266 16 10
3 266 21 48
4 266 5 19
7 267 22 29
3 267 21 49
7 268 22 30
3 268 21 51
7 269 22 31
3 269 22 52
7 270 22 33
3 270 22 53
7 271 22 34
3 271 22 54
7 272 22 35
3 272 23 55
7 273 22 37
3 273 23 56
7 274 22 38
3 274 23 57
7 275 22 39
3 275 23 57
7 276 22 41
6 277 13 21
7 277 22 42
6 278 14 19
7 278 22 43
6 279 14 18
7 279 22 44
6 280 14 17
6 281 15 16
6 282 15 15
6 283 15 14
6 284 16 13
6 285 16 12
2 285 17 12
6 286 16 11
2 286 17 13
6 287 17 10
2 287 18 15
2 288 19 16
2 289 19 18
2 290 19 18
4 292 7 20
4 293 8 21
4 294 9 23
4 295 11 24
4 296 12 25
4 297 13 26
4 298 15 27
4 299 16 28
4 300 17 30
4 301 19 31
4 302 20 32
4 303 22 33
4 304 23 34
5 304 21 52
7 305 21 42
4 305 24 36
5 305 20 50
7 306 21 40
5 306 19 49
7 307 21 39
5 307 18 48
7 308 20 37
5 308 17 46
7 309 20 35
5 309 16 45
7 310 20 34
5 310 15 43
7 311 19 32
5 311 14 42
7 312 19 30
5 312 13 41
7 313 19 29
5 313 13 40
7 314 18 27
7 315 18 25
7 316 17 24
7 317 17 22
7 318 17 20
7 319 16 19
3 319 22 57
7 320 16 17
3 320 20 56
7 321 16 15
3 321 19 56
7 322 15 14
3 322 17 56
7 323 15 12
3 323 16 56
7 324 15 10
3 324 14 56
7 325 14 9
3 325 13 56
7 326 14 7
7 327 13 5
7 328 13 4
7 329 13 2
5 329 13 40
5 330 13 38
4 331 24 36
5 331 13 36
4 332 26 36
5 332 13 34
4 333 28 36
5 333 13 33
4 334 28 36
5 334 13 31
5 335 13 29
5 336 13 28
5 337 13 26
2 338 19 18
5 338 13 24
2 339 20 19
5 339 13 22
2 340 20 20
5 340 13 21
2 341 20 21
5 341 13 19
2 342 21 23
5 342 13 17
2 343 21 24
5 343 13 16
2 344 21 25
5 344 13 14
2 345 22 26
5 345 13 12
6 346 17 9
2 346 22 27
5 346 13 10
6 347 17 8
2 347 22 28
5 347 13 9
6 348 18 7
2 348 22 29
5 348 13 7
6 349 18 6
2 349 23 30
5 349 13 5
6 350 19 5
2 350 23 31
5 350 13 4
6 351 19 4
2 351 23 33
6 352 19 3
2 352 24 34
6 353 20 3
2 353 24 35
2 354 24 35
5 364 13 4
5 365 12 4
7 366 13 2
7 367 13 3
7 368 14 5
5 368 12 4
7 369 15 6
5 369 12 6
7 370 15 8
5 370 13 7
7 371 16 9
5 371 13 9
7 372 17 10
5 372 14 10
6 373 20 3
7 373 17 12
5 373 14 11
6 374 20 4
7 374 18 13
5 374 14 13
6 375 21 5
7 375 19 15
5 375 15 14
6 376 22 6
7 376 19 16
5 376 15 16
6 377 23 8
7 377 20 17
5 377 16 17
6 378 23 9
7 378 21 19
5 378 16 18
6 379 24 10
7 379 21 20
4 379 28 35
5 379 16 20
6 380 25 11
7 380 22 22
3 380 14 56
4 380 28 33
5 380 17 21
6 381 25 12
7 381 22 23
3 381 16 56
4 381 28 31
5 381 17 22
6 382 26 13
7 382 23 24
3 382 17 56
4 382 28 29
5 382 18 24
7 383 24 26
3 383 19 56
4 383 29 27
5 383 18 25
7 384 24 27
3 384 20 56
4 384 29 25
5 384 19 27
7 385 25 28
3 385 22 56
4 385 29 24
5 385 19 28
7 386 26 30
3 386 23 56
4 386 29 22
5 386 19 29
7 387 26 31
3 387 25 56
4 387 29 20
5 387 20 31
7 388 27 33
3 388 26 56
4 388 29 18
5 388 20 32
7 389 28 34
3 389 28 57
4 389 29 16
5 389 21 33
7 390 28 35
3 390 29 57
4 390 29 14
5 390 21 35
7 391 29 37
4 391 29 12
5 391 21 36
7 392 30 38
4 392 29 10
5 392 22 38
7 393 30 40
4 393 29 8
5 393 22 39
7 394 31 41
4 394 29 7
5 394 23 40
7 395 32 42
5 395 23 42
7 396 32 43
2 396 24 36
5 396 23 43
2 397 23 37
5 397 24 45
2 398 23 38
5 398 24 46
2 399 22 40
5 399 25 47
2 400 21 41
5 400 25 49
7 401 31 42
2 401 20 42
5 401 26 50
7 402 31 41
2 402 20 44
3 402 28 57
5 402 26 51
7 403 30 40
2 403 19 45
3 403 26 57
5 403 26 53
7 404 29 38
2 404 18 47
3 404 25 58
5 404 27 54
7 405 29 37
2 405 18 48
3 405 23 58
5 405 27 56
7 406 28 36
2 406 17 49
3 406 21 59
5 406 28 57
7 407 27 34
2 407 16 51
3 407 19 59
7 408 26 33
2 408 16 52
3 408 17 59
7 409 26 32
2 409 15 53
3 409 17 58
7 410 25 30
2 410 14 55
3 410 17 57
4 410 29 8
7 411 24 29
2 411 14 56
3 411 17 56
4 411 28 10
6 412 26 14
7 412 23 28
2 412 13 58
3 412 17 55
4 412 28 12
6 413 25 16
7 413 23 27
2 413 12 59
3 413 17 54
4 413 28 13
6 414 24 17
7 414 22 25
3 414 16 53
4 414 28 15
6 415 24 19
7 415 21 24
3 415 16 52
4 415 27 17
6 416 23 21
7 416 21 23
3 416 16 51
4 416 27 18
6 417 22 23
7 417 20 21
3 417 16 50
4 417 27 18
6 418 22 24
7 418 19 20
3 418 16 49
4 418 25 18
6 419 21 26
3 419 15 48
4 419 24 18
6 420 20 28
3 420 15 47
4 420 22 19
6 421 20 29
3 421 15 46
4 421 21 19
6 422 19 31
3 422 15 45
4 422 19 19
6 423 18 33
3 423 15 44
4 423 18 19
6 424 18 34
3 424 14 43
4 424 16 19
6 425 17 36
3 425 14 42
4 425 15 19
6 426 16 38
3 426 14 41
4 426 13 19
6 427 16 39
3 427 14 40
4 427 12 19
3 428 14 39
4 428 10 20
3 429 13 38
4 429 9 20
3 430 13 38
4 430 8 20
7 433 19 21
7 434 19 23
7 435 19 24
7 436 18 25
7 437 18 26
7 438 18 28
7 439 18 29
7 440 17 30
7 441 17 31
7 442 17 33
7 443 17 34
7 444 17 35
7 445 16 36
7 446 16 38
7 447 16 38
4 447 10 21
4 448 11 22
2 449 13 58
4 449 12 23
2 450 13 57
4 450 13 24
2 451 13 56
4 451 15 25
2 452 14 55
4 452 16 26
2 453 14 54
4 453 17 28
2 454 14 53
4 454 18 29
2 455 15 51
4 455 19 30
7 456 16 38
2 456 15 50
4 456 21 31
7 457 16 37
2 457 15 49
4 457 22 32
7 458 15 35
2 458 15 49
7 459 15 34
7 460 15 32
7 461 15 31
7 462 15 29
6 463 16 40
7 463 14 28
6 464 17 41
7 464 14 27
6 465 17 42
7 465 14 25
5 465 27 56
6 466 18 44
7 466 14 24
5 466 27 55
6 467 18 45
7 467 13 22
5 467 27 53
6 468 19 46
7 468 13 21
5 468 27 51
6 469 19 47
7 469 13 20
5 469 27 50
6 470 20 48
7 470 13 18
5 470 26 48
6 471 20 50
7 471 13 17
5 471 26 47
6 472 20 51
5 472 26 45
6 473 21 52
5 473 26 43
6 474 21 53
5 474 26 42
6 475 22 55
5 475 25 40
6 476 22 56
5 476 25 39
6 477 23 57
5 477 25 37
6 478 23 58
2 478 15 49
5 478 25 35
2 479 16 50
5 479 25 34
2 480 17 51
5 480 24 32
2 481 17 52
5 481 24 30
2 482 18 53
5 482 24 29
2 483 18 53
5 483 24 27
2 484 19 54
5 484 24 26
5 485 23 24
5 486 23 22
5 487 23 21
5 488 23 19
3 489 13 36
5 489 23 18
3 490 14 35
5 490 22 16
7 491 13 17
3 491 14 33
5 491 22 14
7 492 13 19
3 492 14 31
5 492 22 13
7 493 13 20
3 493 14 30
5 493 22 11
7 494 13 22
3 494 14 28
5 494 22 10
7 495 13 23
3 495 15 26
5 495 21 8
7 496 14 25
3 496 15 25
5 496 21 6
7 497 14 26
3 497 15 23
5 497 21 5
7 498 14 28
3 498 15 21
5 498 21 3
7 499 14 30
3 499 15 20
5 499 21 3
7 500 15 31
3 500 15 18
7 501 15 33
3 501 16 16
5 501 22 2
7 502 15 34
3 502 16 15
5 502 23 2
7 503 15 36
3 503 16 13
5 503 25 2
7 504 15 37
3 504 16 11
5 504 26 7
7 505 16 39
3 505 16 10
5 505 27 7
7 506 16 41
3 506 16 8
5 506 29 6
7 507 16 42
3 507 17 6
7 508 16 44
3 508 17 5
7 509 17 45
3 509 17 3
7 510 17 47
7 511 17 48
7 512 17 50
4 512 22 33
7 513 17 52
4 513 22 34
7 514 18 53
4 514 22 36
7 515 18 55
4 515 22 38
7 516 18 56
4 516 21 40
7 517 18 57
4 517 21 41
6 518 23 58
4 518 21 43
6 519 23 56
4 519 21 45
6 520 22 54
4 520 21 46
6 521 22 52
4 521 21 48
6 522 22 51
4 522 21 50
6 523 21 49
4 523 21 51
6 524 21 47
4 524 21 53
6 525 21 45
4 525 21 55
6 526 20 44
4 526 21 55
6 527 20 42
6 528 20 40
6 529 19 38
6 530 19 36
6 531 19 35
6 532 18 33
6 533 18 31
6 534 18 29
7 534 18 57
6 535 17 28
7 535 18 55
6 536 17 26
7 536 18 54
2 536 19 53
6 537 17 24
7 537 19 53
2 537 19 52
4 537 21 55
6 538 16 22
7 538 19 51
2 538 20 50
4 538 21 54
6 539 16 21
7 539 19 50
2 539 20 49
4 539 21 53
6 540 16 21
7 540 19 48
2 540 20 47
4 540 21 52
7 541 19 47
2 541 21 46
4 541 21 51
7 542 19 45
2 542 21 44
4 542 21 50
7 543 19 44
2 543 21 43
4 543 20 49
7 544 19 43
2 544 22 41
4 544 20 48
7 545 19 41
2 545 22 40
4 545 20 47
7 546 19 41
2 546 22 38
4 546 20 45
6 547 16 21
2 547 22 37
3 547 17 3
4 547 20 44
5 547 29 6
6 548 16 22
2 548 23 35
3 548 18 5
4 548 20 43
5 548 28 7
6 549 16 23
2 549 23 33
3 549 19 6
4 549 20 42
5 549 27 2
6 550 16 24
2 550 23 32
3 550 20 7
4 550 20 41
5 550 27 3
6 551 17 25
2 551 24 30
3 551 21 8
4 551 20 40
5 551 26 3
6 552 17 26
7 552 19 40
2 552 24 29
3 552 21 9
4 552 20 39
5 552 26 4
6 553 17 27
7 553 19 38
2 553 24 27
3 553 22 10
4 553 20 38
6 554 17 28
7 554 18 37
2 554 24 26
3 554 23 11
4 554 19 37
6 555 17 29
7 555 18 35
2 555 25 24
3 555 24 12
4 555 19 36
6 556 17 31
7 556 18 33
2 556 25 23
3 556 24 13
4 556 19 35
6 557 18 32
7 557 17 31
2 557 25 21
4 557 19 34
6 558 18 33
7 558 17 30
2 558 26 20
4 558 19 33
6 559 18 34
7 559 17 28
4 559 19 32
6 560 18 35
7 560 16 26
4 560 19 31
6 561 18 36
7 561 16 24
4 561 19 30
6 562 18 37
7 562 16 22
4 562 19 29
6 563 19 38
7 563 16 22
4 563 19 29
6 564 19 39
6 565 19 40
6 566 19 41
2 572 25 21
2 573 24 22
2 574 23 24
2 575 22 25
2 576 21 26
2 577 20 28
2 578 18 29
2 579 17 30
2 580 16 31
2 581 15 33
2 582 14 34
2 583 13 35
2 584 12 37
2 585 11 38
2 586 10 39
2 587 9 40
2 588 8 42
2 589 7 43
2 590 6 44
2 591 5 46
2 592 5 46
4 592 19 28
4 593 19 27
4 594 19 26
4 595 20 24
4 596 20 23
4 597 20 21
7 598 16 23
4 598 21 20
7 599 17 25
4 599 21 19
7 600 17 26
4 600 21 17
7 601 18 28
4 601 22 16
7 602 19 29
4 602 22 15
6 603 19 41
7 603 19 30
6 604 18 40
7 604 20 32
6 605 18 38
7 605 21 33
6 606 17 37
7 606 21 35
6 607 17 36
7 607 22 36
5 607 26 4
6 608 16 34
7 608 22 37
5 608 25 6
6 609 16 33
7 609 23 39
5 609 25 8
6 610 15 32
7 610 24 40
5 610 25 9
6 611 15 30
7 611 24 42
5 611 24 11
6 612 15 29
7 612 25 43
5 612 24 13
6 613 14 28
7 613 26 45
3 613 24 13
5 613 24 15
6 614 14 27
7 614 26 46
3 614 23 12
5 614 23 16
6 615 13 25
7 615 27 47
3 615 22 11
5 615 23 18
6 616 13 24
7 616 27 49
3 616 21 10
5 616 23 20
6 617 12 23
7 617 28 50
2 617 5 46
5 617 22 21
6 618 12 21
7 618 29 52
2 618 5 44
6 619 12 21
7 619 29 53
2 619 6 43
7 620 30 54
2 620 6 41
7 621 30 55
2 621 7 40
2 622 7 38
2 623 8 36
2 624 8 35
2 625 9 33
2 626 9 32
2 627 10 30
2 628 10 29
2 629 11 27
2 630 11 26
2 631 11 24
2 632 12 23
2 633 12 21
2 634 13 20
2 635 13 18
2 636 14 17
2 637 14 15
2 638 15 14
7 639 30 54
7 640 29 53
7 641 29 51
7 642 28 50
7 643 28 48
7 644 27 47
7 645 27 46
7 646 26 44
7 647 26 43
7 648 25 42
3 648 21 10
7 649 25 40
3 649 21 12
7 650 24 39
3 650 21 13
7 651 24 38
3 651 21 15
7 652 23 36
2 652 15 13
3 652 20 16
7 653 23 35
2 653 15 12
3 653 20 18
7 654 22 34
2 654 15 11
3 654 20 20
7 655 22 32
2 655 16 9
3 655 20 21
7 656 21 31
2 656 16 8
3 656 20 23
4 656 22 16
5 656 23 21
7 657 21 29
2 657 16 7
3 657 20 23
4 657 21 17
5 657 24 21
7 658 20 28
2 658 16 6
4 658 21 18
5 658 25 21
7 659 20 27
2 659 17 5
4 659 21 19
5 659 27 21
7 660 19 25
2 660 17 3
4 660 20 20
5 660 27 21
7 661 19 24
2 661 17 2
4 661 20 21
7 662 18 23
2 662 17 7
4 662 20 22
7 663 18 21
2 663 17 6
3 663 20 25
4 663 19 23
7 664 17 20
3 664 20 26
4 664 19 24
7 665 17 19
3 665 20 28
4 665 18 25
7 666 17 18
3 666 20 30
4 666 18 26
3 667 20 32
4 667 18 27
3 668 20 33
4 668 17 28
3 669 20 35
4 669 17 29
3 670 20 37
4 670 17 30
3 671 20 39
4 671 16 31
5 671 27 21
3 672 21 40
4 672 16 32
5 672 27 22
3 673 21 42
4 673 16 33
5 673 26 23
3 674 21 43
4 674 15 34
5 674 26 25
4 675 15 35
5 675 25 26
4 676 15 36
5 676 25 27
4 677 14 37
5 677 24 29
6 678 12 21
4 678 14 38
5 678 24 30
6 679 13 21
4 679 14 39
5 679 23 31
6 680 15 21
4 680 13 40
5 680 23 33
6 681 16 21
4 681 13 41
5 681 22 34
6 682 18 22
4 682 13 42
5 682 22 35
6 683 19 22
5 683 21 37
6 684 21 22
5 684 21 38
6 685 22 22
5 685 20 39
6 686 24 22
7 686 17 18
4 686 13 41
5 686 20 41
6 687 24 22
7 687 17 16
4 687 14 41
5 687 19 42
7 688 17 15
4 688 15 40
5 688 19 44
7 689 17 14
4 689 15 39
5 689 19 44
7 690 18 12
4 690 16 38
7 691 18 11
4 691 17 38
7 692 18 9
4 692 18 37
7 693 18 8
4 693 19 36
7 694 18 6
4 694 20 35
7 695 19 5
4 695 20 35
7 696 19 3
7 697 19 2
5 697 19 42
7 698 19 6
5 698 19 41
7 699 19 6
5 699 19 39
5 700 19 37
5 701 19 35
6 702 24 23
5 702 20 34
6 703 24 25
5 703 20 32
6 704 23 26
5 704 20 30
6 705 23 28
5 705 20 29
6 706 23 29
5 706 20 27
6 707 22 30
5 707 21 25
6 708 22 32
5 708 21 23
6 709 22 33
5 709 21 22
6 710 21 35
5 710 21 20
6 711 21 36
5 711 21 18
6 712 21 38
5 712 22 17
6 713 20 39
5 713 22 15
6 714 20 41
5 714 22 13
6 715 20 42
5 715 22 11
6 716 19 43
5 716 22 10
6 717 19 45
5 717 22 8
6 718 18 46
5 718 23 6
6 719 18 48
7 719 19 7
5 719 23 5
6 720 18 49
7 720 18 2
2 720 18 7
5 720 23 3
6 721 17 51
7 721 18 3
2 721 18 3
5 721 23 7
6 722 17 51
7 722 17 4
2 722 18 5
7 723 17 5
2 723 18 7
7 724 17 6
2 724 19 9
7 725 16 7
2 725 19 10
7 726 16 8
2 726 19 12
7 727 15 9
2 727 20 14
7 728 15 10
2 728 20 16
3 728 21 42
7 729 15 10
2 729 20 18
3 729 21 40
2 730 21 20
3 730 21 38
2 731 21 22
3 731 21 36
2 732 21 24
3 732 22 35
2 733 22 26
3 733 22 33
2 734 22 28
3 734 22 31
2 735 22 30
3 735 22 29
2 736 23 32
3 736 23 27
7 737 15 11
2 737 23 34
3 737 23 25
7 738 15 12
2 738 23 36
3 738 23 23
7 739 15 14
2 739 24 38
3 739 23 21
6 740 18 50
7 740 16 15
2 740 24 40
3 740 23 19
4 740 20 36
6 741 18 49
7 741 16 17
2 741 24 42
3 741 24 17
4 741 20 37
6 742 18 48
7 742 17 18
2 742 25 43
3 742 24 15
4 742 20 38
6 743 19 47
7 743 17 20
2 743 25 45
3 743 24 13
4 743 19 40
6 744 19 46
7 744 17 21
2 744 25 47
3 744 24 11
4 744 19 41
6 745 19 45
7 745 18 22
2 745 26 49
3 745 24 9
4 745 19 42
6 746 19 45
7 746 18 24
2 746 26 51
3 746 25 8
4 746 19 44
7 747 18 25
2 747 26 53
3 747 25 6
4 747 19 45
7 748 19 27
2 748 26 55
3 748 25 4
4 748 19 46
7 749 19 28
2 749 27 55
3 749 25 2
4 749 19 48
7 750 20 30
3 750 26 6
4 750 19 49
7 751 20 31
4 751 19 50
7 752 20 33
4 752 18 51
7 753 21 34
4 753 18 53
7 754 21 36
4 754 18 54
7 755 21 37
4 755 18 55
7 756 22 39
2 756 26 55
7 757 22 40
2 757 26 53
7 758 23 42
2 758 26 52
7 759 23 43
2 759 26 50
7 760 23 45
2 760 26 48
7 761 24 46
2 761 26 46
7 762 24 48
2 762 25 45
7 763 24 49
2 763 25 43
7 764 25 51
2 764 25 41
7 765 25 52
2 765 25 40
7 766 26 53
2 766 25 38
4 766 18 55
7 767 26 55
2 767 24 36
4 767 16 55
6 768 20 44
7 768 26 56
2 768 24 34
4 768 15 56
6 769 20 42
7 769 27 58
2 769 24 33
4 769 13 56
6 770 20 41
2 770 24 31
4 770 12 57
6 771 20 40
2 771 24 29
6 772 20 39
2 772 24 28
6 773 20 38
6 774 20 36
6 775 20 35
6 776 20 34
5 776 23 2
6 777 20 33
5 777 23 4
6 778 21 31
5 778 23 5
6 779 21 30
5 779 23 6
6 780 21 29
5 780 23 7
6 781 21 28
5 781 22 9
6 782 21 27
5 782 22 10
6 783 21 25
5 783 22 11
6 784 21 24
5 784 22 12
6 785 21 23
5 785 22 13
6 786 21 22
5 786 22 15
6 787 21 20
5 787 22 16
6 788 22 19
5 788 22 17
6 789 22 18
5 789 21 18
6 790 22 17
5 790 21 20
6 791 22 15
5 791 21 21
6 792 22 14
5 792 21 22
6 793 22 13
4 793 13 56
5 793 21 23
6 794 22 12
4 794 13 54
5 794 21 25
6 795 22 11
4 795 14 53
5 795 21 26
6 796 22 9
4 796 14 52
5 796 21 27
6 797 22 8
4 797 15 50
5 797 21 28
6 798 23 7
4 798 15 49
5 798 20 30
6 799 23 6
4 799 15 47
5 799 20 31
6 800 23 4
4 800 16 46
5 800 20 32
6 801 23 3
4 801 16 44
5 801 20 33
6 802 23 2
4 802 17 43
5 802 20 34
6 803 23 2
4 803 17 42
5 803 20 36
4 804 18 40
5 804 20 37
4 805 18 39
5 805 20 38
4 806 19 37
5 806 19 39
4 807 19 36
5 807 19 41
4 808 20 34
5 808 19 42
4 809 20 33
5 809 19 43
3 810 25 7
4 810 21 31
5 810 19 44
3 811 25 2
4 811 21 30
5 811 19 46
3 812 24 4
4 812 22 29
5 812 19 47
3 813 24 5
4 813 22 27
5 813 19 48
7 814 26 57
3 814 24 6
4 814 23 26
5 814 18 49
7 815 26 55
3 815 23 7
4 815 23 24
5 815 18 51
7 816 26 54
3 816 23 8
4 816 24 23
5 816 18 52
7 817 26 52
3 817 23 9
4 817 24 21
5 817 18 53
7 818 25 50
3 818 22 11
4 818 25 20
5 818 18 54
7 819 25 48
2 819 24 29
3 819 22 12
4 819 25 19
5 819 18 56
7 820 25 47
2 820 24 31
3 820 21 13
4 820 26 17
5 820 18 57
7 821 24 45
2 821 24 33
3 821 21 14
4 821 26 17
5 821 18 58
7 822 24 43
2 822 25 35
3 822 21 15
7 823 24 41
2 823 25 36
3 823 20 17
7 824 23 40
2 824 25 38
3 824 20 18
7 825 23 38
2 825 25 40
3 825 19 19
6 826 23 2
7 826 23 36
3 826 19 20
6 827 23 4
7 827 22 34
3 827 19 21
6 828 23 5
7 828 22 33
6 829 23 6
7 829 22 31
6 830 23 8
7 830 21 29
6 831 23 9
7 831 21 28
6 832 22 11
7 832 21 26
6 833 22 12
7 833 21 25
6 834 22 13
4 834 25 18
6 835 22 15
4 835 24 19
6 836 22 16
4 836 22 20
6 837 22 17
4 837 21 21
6 838 22 19
4 838 19 22
6 839 22 20
4 839 18 23
6 840 22 22
4 840 17 24
6 841 22 23
4 841 15 25
6 842 22 24
4 842 14 26
6 843 21 26
6 844 21 27
6 845 21 28
6 846 21 30
6 847 21 31
6 848 21 33
6 849 21 33
2 851 25 40
2 852 24 40
2 853 23 41
2 854 22 41
2 855 21 42
2 856 20 42
6 857 21 34
2 857 19 43
6 858 21 35
2 858 19 43
6 859 21 36
2 859 18 44
6 860 22 38
2 860 17 45
6 861 22 39
2 861 16 45
6 862 22 40
6 863 22 41
6 864 22 42
6 865 22 43
6 866 23 44
3 866 19 21
6 867 23 45
3 867 20 23
5 867 18 57
6 868 23 46
3 868 21 25
5 868 18 55
6 869 23 47
3 869 22 26
5 869 18 53
6 870 23 48
3 870 22 28
5 870 18 52
6 871 23 50
3 871 23 30
5 871 18 50
6 872 24 51
3 872 24 32
5 872 18 48
6 873 24 52
3 873 25 33
5 873 18 46
6 874 24 53
3 874 26 35
5 874 18 45
6 875 24 54
7 875 21 25
3 875 26 37
5 875 18 43
6 876 24 55
7 876 20 27
4 876 15 26
5 876 18 41
6 877 24 56
7 877 20 29
4 877 17 25
5 877 18 40
7 878 20 31
4 878 18 25
5 878 18 38
7 879 20 33
4 879 20 25
5 879 18 36
7 880 19 35
4 880 22 25
5 880 18 35
7 881 19 37
4 881 23 25
5 881 18 33
7 882 19 39
5 882 19 31
7 883 19 41
5 883 19 29
7 884 19 43
5 884 19 28
7 885 18 45
5 885 19 26
7 886 18 45
5 886 19 24
5 887 19 23
5 888 19 21
2 889 17 44
5 889 19 19
2 890 17 43
5 890 19 18
2 891 18 42
5 891 19 16
2 892 18 41
2 893 19 40
2 894 20 39
2 895 20 38
2 896 21 37
2 897 22 36
2 898 22 35
2 899 23 33
2 900 23 32
2 901 24 31
2 902 25 30
3 902 26 37
2 903 25 29
3 903 25 37
2 904 26 28
3 904 23 37
2 905 27 27
3 905 21 38
7 906 18 45
2 906 27 26
3 906 20 38
7 907 18 44
2 907 27 26
3 907 18 38
7 908 17 42
3 908 16 38
7 909 17 41
3 909 15 39
7 910 16 39
3 910 13 39
6 911 25 54
7 911 15 38
6 912 25 53
7 912 15 36
6 913 25 51
7 913 15 36
6 914 26 50
6 915 26 48
6 916 26 47
6 917 27 45
6 918 27 44
6 919 27 43
5 919 19 18
6 920 28 41
5 920 19 19
6 921 28 40
5 921 19 21
5 922 18 22
5 923 18 24
4 924 23 25
5 924 18 25
4 925 23 26
5 925 18 27
4 926 22 27
5 926 18 29
4 927 22 28
5 927 18 30
4 928 21 30
5 928 18 32
4 929 21 31
5 929 17 33
4 930 20 32
5 930 17 34
4 931 20 34
4 932 19 35
4 933 19 36
4 934 18 37
4 935 18 39
4 936 17 40
4 937 17 41
4 938 16 42
4 939 16 44
4 940 16 45
4 941 15 46
4 942 15 47
7 943 15 38
7 944 16 39
7 945 16 41
3 945 13 39
7 946 17 42
3 946 14 38
7 947 18 44
3 947 15 37
7 948 18 45
3 948 16 36
7 949 19 47
3 949 17 35
7 950 19 48
3 950 19 34
7 951 20 50
3 951 20 33
7 952 20 50
3 952 21 32
3 953 22 31
3 954 23 30
3 955 24 29
5 955 17 34
3 956 25 28
5 956 18 32
3 957 26 27
5 957 18 30
3 958 27 26
5 958 19 28
3 959 28 25
5 959 19 26
3 960 29 24
5 960 20 24
3 961 30 23
5 961 20 22
3 962 30 23
5 962 21 21
5 963 21 19
5 964 22 17
2 965 27 27
5 965 22 15
2 966 27 28
3 966 30 24
5 966 23 13
2 967 26 30
3 967 31 25
5 967 23 11
2 968 26 31
3 968 31 27
5 968 24 9
2 969 26 32
3 969 31 29
5 969 24 7
2 970 25 33
3 970 32 30
5 970 24 5
7 971 20 50
3 971 32 32
5 971 25 3
7 972 20 52
3 972 32 34
5 972 25 2
7 973 20 53
3 973 32 35
6 974 28 40
3 974 33 37
6 975 27 42
3 975 33 39
6 976 26 43
3 976 33 40
6 977 25 45
3 977 34 42
6 978 24 47
3 978 34 43
6 979 23 48
3 979 34 45
4 979 15 48
6 980 22 50
3 980 35 47
4 980 16 49
6 981 21 52
3 981 35 48
4 981 16 51
6 982 20 53
4 982 17 53
6 983 19 55
4 983 18 54
6 984 18 56
4 984 19 56
6 985 17 58
4 985 20 58
6 986 17 58
4 986 21 59
4 988 21 59
4 989 21 58
4 990 21 57
4 991 21 56
4 992 21 55
4 993 21 54
4 994 21 53
4 995 20 52
4 996 20 51
2 997 25 33
4 997 20 50
2 998 23 32
4 998 20 49
5 998 25 4
2 999 21 32
4 999 20 48
5 999 24 5
2 1000 20 32
4 1000 20 47
5 1000 24 7
2 1001 18 32
3 1001 34 48
4 1001 20 46
5 1001 23 9
2 1002 17 32
3 1002 34 47
4 1002 20 45
5 1002 22 10
6 1003 17 57
2 1003 15 32
3 1003 33 46
4 1003 20 44
5 1003 22 12
6 1004 17 55
2 1004 13 32
3 1004 33 45
4 1004 20 43
5 1004 21 14
6 1005 16 53
2 1005 12 32
3 1005 32 44
4 1005 20 42
5 1005 21 15
6 1006 16 52
2 1006 10 32
3 1006 31 44
4 1006 20 41
5 1006 20 16
6 1007 16 50
2 1007 9 32
3 1007 31 43
4 1007 20 40
5 1007 20 17
6 1008 16 48
2 1008 7 31
3 1008 30 42
4 1008 19 39
5 1008 20 19
6 1009 15 47
2 1009 6 31
3 1009 30 41
4 1009 19 38
5 1009 20 21
6 1010 15 45
2 1010 5 31
3 1010 29 41
4 1010 19 37
5 1010 21 23
6 1011 15 43
3 1011 28 42
4 1011 19 36
5 1011 21 24
6 1012 15 43
3 1012 27 42
4 1012 19 35
5 1012 21 26
3 1013 25 42
4 1013 19 34
5 1013 21 28
3 1014 24 43
4 1014 19 33
5 1014 21 29
3 1015 23 43
4 1015 19 32
5 1015 21 31
3 1016 22 44
4 1016 19 31
5 1016 21 33
3 1017 21 44
4 1017 19 30
5 1017 21 34
3 1018 20 45
4 1018 19 29
5 1018 21 36
3 1019 19 45
4 1019 19 28
5 1019 21 38
3 1020 18 45
4 1020 19 27
5 1020 21 39
3 1021 17 46
4 1021 19 26
5 1021 22 41
3 1022 16 46
4 1022 18 25
5 1022 22 43
4 1023 18 24
5 1023 22 44
7 1024 20 53
4 1024 18 23
5 1024 22 46
7 1025 20 54
4 1025 18 22
5 1025 22 48
7 1026 19 55
4 1026 18 21
5 1026 22 50
7 1027 19 56
4 1027 18 20
5 1027 22 51
4 1028 18 19
5 1028 22 52
4 1029 18 18
4 1030 18 17
4 1031 18 15
4 1032 18 14
4 1033 18 13
4 1034 18 12
4 1035 17 11
5 1035 22 50
4 1036 17 10
5 1036 22 49
4 1037 17 9
5 1037 22 48
4 1038 17 8
5 1038 22 46
4 1039 17 7
5 1039 23 45
4 1040 17 6
5 1040 23 43
4 1041 17 5
4 1042 17 4
6 1043 15 42
4 1043 17 3
6 1044 15 41
4 1044 17 2
6 1045 16 39
7 1045 19 55
4 1045 17 7
6 1046 16 37
7 1046 19 54
4 1046 17 7
6 1047 17 36
7 1047 19 52
6 1048 17 34
7 1048 19 51
6 1049 18 32
7 1049 19 50
6 1050 18 31
7 1050 19 49
6 1051 19 29
7 1051 20 47
6 1052 19 27
7 1052 20 46
6 1053 20 26
7 1053 20 45
6 1054 20 24
7 1054 20 44
6 1055 21 22
7 1055 20 43
6 1056 21 21
7 1056 20 41
6 1057 22 19
7 1057 20 40
4 1057 17 7
6 1058 22 17
7 1058 20 39
4 1058 18 7
6 1059 22 17
7 1059 20 38
4 1059 19 2
7 1060 20 36
4 1060 21 2
7 1061 20 35
4 1061 21 2
7 1062 20 34
7 1063 20 33
4 1063 20 3
7 1064 20 31
4 1064 20 4
5 1064 23 43
7 1065 20 30
2 1065 6 31
4 1065 20 5
5 1065 24 41
7 1066 20 29
2 1066 7 30
4 1066 20 6
5 1066 24 39
7 1067 20 28
2 1067 8 29
4 1067 20 7
5 1067 25 37
7 1068 20 27
2 1068 8 28
4 1068 20 8
5 1068 25 35
7 1069 20 25
2 1069 9 27
4 1069 20 9
5 1069 26 34
7 1070 20 24
2 1070 10 27
4 1070 19 10
5 1070 27 32
7 1071 20 23
2 1071 11 26
4 1071 19 11
5 1071 27 30
7 1072 20 22
2 1072 12 25
3 1072 16 45
4 1072 19 12
5 1072 28 28
7 1073 20 21
2 1073 13 24
3 1073 17 44
4 1073 19 14
5 1073 29 26
2 1074 14 23
3 1074 18 42
4 1074 19 15
5 1074 29 25
2 1075 15 22
3 1075 18 41
4 1075 19 16
5 1075 30 23
2 1076 16 21
3 1076 19 40
4 1076 18 17
5 1076 30 21
2 1077 17 21
3 1077 20 38
4 1077 18 18
5 1077 31 19
2 1078 18 20
3 1078 21 37
4 1078 18 19
5 1078 32 17
2 1079 18 19
3 1079 21 35
4 1079 18 20
5 1079 32 16
2 1080 19 18
3 1080 22 34
4 1080 18 21
5 1080 33 14
2 1081 20 17
4 1081 18 22
5 1081 33 13
2 1082 21 16
4 1082 18 23
4 1083 17 24
4 1084 17 26
4 1085 17 27
4 1086 17 28
4 1087 17 29
4 1088 17 30
3 1089 22 35
4 1089 16 31
7 1090 19 21
3 1090 22 37
4 1090 16 32
7 1091 18 22
3 1091 22 39
4 1091 16 33
7 1092 17 23
3 1092 22 41
4 1092 16 34
7 1093 16 24
3 1093 22 42
4 1093 16 35
7 1094 15 26
4 1094 16 37
7 1095 14 27
4 1095 16 38
7 1096 14 27
4 1096 15 39
4 1097 15 39
6 1108 23 16
6 1109 23 15
6 1110 23 14
6 1111 24 13
6 1112 24 12
6 1113 24 11
7 1113 16 27
6 1114 25 10
7 1114 17 28
3 1114 22 43
6 1115 25 9
7 1115 19 29
3 1115 22 44
6 1116 25 8
7 1116 21 30
3 1116 23 46
6 1117 26 7
7 1117 22 30
3 1117 23 48
6 1118 26 6
7 1118 24 31
3 1118 23 49
6 1119 26 5
7 1119 25 32
3 1119 24 51
6 1120 27 4
7 1120 26 32
3 1120 24 53
6 1121 27 3
3 1121 24 54
6 1122 27 2
3 1122 25 56
6 1123 28 7
3 1123 25 58
3 1124 26 59
3 1125 26 59
5 1125 33 14
5 1126 33 15
5 1127 33 16
5 1128 32 17
5 1129 32 19
2 1130 21 17
5 1130 32 20
2 1131 20 18
5 1131 32 21
2 1132 20 19
5 1132 31 22
2 1133 19 20
5 1133 31 23
2 1134 19 21
5 1134 31 25
5 1135 31 26
5 1136 30 27
5 1137 30 28
5 1138 30 30
2 1139 19 19
5 1139 30 31
2 1140 19 18
5 1140 30 32
2 1141 19 17
5 1141 29 33
2 1142 20 15
5 1142 29 34
2 1143 20 14
5 1143 29 36
2 1144 20 12
5 1144 29 37
2 1145 20 11
5 1145 28 38
2 1146 20 9
5 1146 28 39
2 1147 20 8
5 1147 28 40
2 1148 21 6
5 1148 28 42
2 1149 21 6
5 1149 27 43
5 1150 27 44
5 1151 27 45
5 1152 27 47
7 1153 26 32
5 1153 26 48
7 1154 25 33
4 1154 15 39
5 1154 26 49
7 1155 23 33
4 1155 16 37
5 1155 26 50
7 1156 22 34
4 1156 16 36
5 1156 26 51
7 1157 21 34
4 1157 16 34
5 1157 25 53
7 1158 19 35
4 1158 16 33
5 1158 25 53
7 1159 18 35
4 1159 16 32
7 1160 17 36
4 1160 16 30
7 1161 15 36
4 1161 16 29
5 1161 25 53
7 1162 14 36
4 1162 17 27
5 1162 24 52
7 1163 13 37
4 1163 17 26
5 1163 23 52
7 1164 12 37
4 1164 17 24
5 1164 22 51
7 1165 11 38
3 1165 26 59
4 1165 17 23
5 1165 20 50
3 1166 25 57
4 1166 17 21
5 1166 19 50
3 1167 25 56
4 1167 17 20
5 1167 18 49
3 1168 25 55
4 1168 18 19
5 1168 17 48
3 1169 25 53
4 1169 18 18
5 1169 16 48
3 1170 24 52
3 1171 24 51
3 1172 24 49
3 1173 24 48
3 1174 24 47
6 1175 27 2
3 1175 23 45
6 1176 27 4
3 1176 23 44
6 1177 26 6
3 1177 23 43
6 1178 26 8
3 1178 23 41
4 1178 18 19
6 1179 25 10
3 1179 22 40
4 1179 18 21
6 1180 25 12
3 1180 22 39
4 1180 18 23
6 1181 24 14
3 1181 22 37
4 1181 19 25
6 1182 24 15
3 1182 22 36
4 1182 19 26
6 1183 23 17
3 1183 22 35
4 1183 19 28
6 1184 23 19
3 1184 21 33
4 1184 20 30
6 1185 23 21
3 1185 21 32
4 1185 20 32
6 1186 22 23
3 1186 21 31
4 1186 20 33
6 1187 22 25
3 1187 21 30
4 1187 20 35
6 1188 21 26
3 1188 20 28
4 1188 21 37
3 1189 20 27
4 1189 21 39
7 1190 11 37
3 1190 20 26
4 1190 21 40
7 1191 12 36
3 1191 20 24
4 1191 22 42
7 1192 13 35
3 1192 20 23
4 1192 22 44
7 1193 14 34
3 1193 19 22
4 1193 22 46
7 1194 15 34
3 1194 19 20
4 1194 22 46
7 1195 16 33
3 1195 19 19
7 1196 17 32
3 1196 19 18
7 1197 18 31
3 1197 18 16
7 1198 19 30
3 1198 18 15
7 1199 20 29
3 1199 18 14
5 1199 17 46
6 1200 21 27
7 1200 20 28
3 1200 18 12
5 1200 17 45
