16 0 68 58
17 0 68 18
18 0 62 15
19 0 65 24
20 0 72 55
21 0 74 59
16 1 68 57
17 1 68 19
18 1 63 14
19 1 66 22
20 1 71 54
21 1 73 57
16 2 68 55
17 2 68 21
18 2 64 13
19 2 66 20
20 2 70 53
21 2 73 56
16 3 69 54
17 3 69 22
18 3 65 12
19 3 67 19
20 3 69 52
21 3 72 54
16 4 69 53
17 4 69 23
18 4 65 11
19 4 67 17
20 4 69 51
21 4 71 53
16 5 69 51
17 5 69 25
18 5 66 10
19 5 68 15
20 5 68 51
16 6 69 50
17 6 70 26
18 6 67 9
19 6 68 13
16 7 69 48
17 7 70 27
18 7 67 9
19 7 69 12
16 8 69 47
17 8 71 29
18 8 68 8
19 8 69 10
16 9 69 45
17 9 71 30
18 9 69 7
19 9 70 8
20 9 68 51
16 10 70 44
17 10 71 31
18 10 69 6
19 10 70 6
20 10 69 52
16 11 70 42
17 11 72 33
18 11 70 21
19 11 71 21
20 11 71 53
16 12 70 41
17 12 72 34
18 12 71 20
19 12 71 19
20 12 72 54
16 13 70 39
17 13 72 35
18 13 71 19
19 13 71 18
20 13 74 55
16 14 70 38
17 14 73 37
18 14 72 18
20 14 75 56
16 15 70 36
17 15 73 38
18 15 72 18
20 15 76 57
16 16 70 35
17 16 73 39
16 17 71 33
17 17 74 41
20 17 76 56
16 18 71 32
17 18 74 42
20 18 75 54
16 19 71 30
17 19 75 44
20 19 75 53
16 20 71 29
17 20 75 45
20 20 75 51
16 21 71 27
17 21 75 46
20 21 74 49
16 22 71 26
17 22 76 48
20 22 74 48
16 23 72 25
17 23 76 49
20 23 73 46
16 24 72 23
17 24 76 50
20 24 73 45
16 25 72 22
17 25 77 52
20 25 73 43
16 26 72 20
17 26 77 53
20 26 72 42
16 27 72 19
17 27 77 54
20 27 72 40
17 28 78 56
20 28 71 38
17 29 78 57
20 29 71 37
17 30 78 57
20 30 71 35
20 31 70 34
20 32 70 32
20 33 69 31
20 34 69 29
20 35 69 27
20 36 68 26
20 37 68 24
20 38 67 23
20 39 67 21
20 40 67 20
19 42 71 19
19 43 71 20
19 44 71 21
21 44 71 53
19 45 71 6
21 45 70 51
19 46 71 8
21 46 70 49
19 47 71 9
21 47 69 48
19 48 71 10
21 48 69 46
16 49 72 19
19 49 71 12
21 49 68 44
16 50 73 17
19 50 71 13
21 50 68 43
16 51 74 15
19 51 71 14
21 51 68 43
16 52 75 14
19 52 71 15
16 53 76 12
17 53 78 57
19 53 71 17
16 54 78 10
17 54 78 55
19 54 70 18
16 55 79 9
17 55 78 53
19 55 70 19
16 56 80 7
17 56 77 51
19 56 70 21
16 57 80 6
17 57 77 50
19 57 70 22
17 58 77 48
19 58 70 23
17 59 77 46
19 59 70 24
17 60 76 45
17 61 76 43
16 62 80 7
17 62 76 41
16 63 80 8
17 63 76 39
16 64 80 9
17 64 75 38
16 65 80 11
17 65 75 36
16 66 79 12
17 66 75 34
16 67 79 13
17 67 75 33
16 68 79 14
17 68 74 31
16 69 79 15
17 69 74 29
16 70 79 17
17 70 74 27
20 70 67 21
16 71 79 18
17 71 74 26
20 71 67 22
16 72 79 19
17 72 74 24
20 72 67 23
16 73 78 20
17 73 73 22
20 73 67 24
16 74 78 22
17 74 73 21
18 74 72 19
20 74 67 25
16 75 78 23
17 75 73 19
18 75 72 20
20 75 66 26
16 76 78 24
17 76 73 17
18 76 72 21
20 76 66 27
16 77 78 25
17 77 72 15
18 77 71 7
20 77 66 28
16 78 78 26
17 78 72 14
18 78 71 8
20 78 66 29
16 79 78 28
17 79 72 12
18 79 71 10
20 79 66 30
16 80 77 29
17 80 72 10
18 80 70 11
20 80 66 31
16 81 77 30
17 81 71 8
18 81 70 12
20 81 66 33
16 82 77 31
17 82 71 7
18 82 70 14
20 82 66 34
16 83 77 33
17 83 71 21
18 83 70 15
20 83 66 35
16 84 77 34
17 84 71 19
18 84 69 17
20 84 66 36
16 85 77 35
17 85 71 19
18 85 69 18
20 85 66 37
16 86 77 36
20 86 66 37
16 87 76 37
16 88 76 39
16 89 76 40
16 90 76 41
16 91 76 42
16 92 76 44
16 93 76 45
16 94 75 46
16 95 75 47
20 95 67 36
16 96 75 48
19 96 70 24
20 96 67 35
16 97 75 50
19 97 70 26
20 97 68 33
16 98 75 51
19 98 70 27
20 98 69 32
16 99 75 52
19 99 71 29
20 99 69 30
16 100 74 53
19 100 71 30
20 100 70 29
21 100 67 42
16 101 74 55
19 101 71 32
20 101 71 28
21 101 67 40
16 102 74 56
19 102 71 33
20 102 71 26
21 102 67 38
16 103 74 57
19 103 71 35
20 103 72 25
21 103 66 36
16 104 74 58
19 104 71 36
20 104 73 23
21 104 66 34
19 105 72 38
20 105 73 22
21 105 66 32
19 106 72 40
20 106 74 22
21 106 65 30
19 107 72 41
21 107 65 28
19 108 72 43
21 108 65 26
19 109 72 44
21 109 64 24
21 110 64 22
21 111 64 20
21 112 63 18
16 113 75 58
21 113 63 16
16 114 76 58
21 114 63 16
16 115 77 58
18 127 69 18
18 128 68 19
18 129 68 20
18 130 67 21
19 134 72 43
19 135 72 41
20 135 73 22
19 136 72 40
20 136 73 23
19 137 72 38
20 137 72 25
19 138 72 37
20 138 72 26
18 139 67 22
19 139 73 35
20 139 71 27
18 140 68 24
19 140 73 34
20 140 71 28
18 141 68 26
19 141 73 32
20 141 70 29
18 142 69 27
19 142 73 31
20 142 70 30
18 143 69 29
19 143 73 29
20 143 69 31
17 144 71 20
18 144 70 31
19 144 73 27
20 144 69 33
17 145 72 21
18 145 70 33
19 145 73 26
20 145 68 34
17 146 72 7
18 146 71 34
19 146 73 24
20 146 68 35
21 146 64 17
17 147 73 8
18 147 71 36
19 147 73 23
20 147 67 36
21 147 65 18
16 148 77 57
17 148 73 10
18 148 71 37
19 148 73 21
20 148 67 37
21 148 66 19
16 149 76 56
17 149 74 11
19 149 73 20
20 149 66 38
21 149 67 20
16 150 74 54
17 150 74 13
19 150 73 19
21 150 69 21
16 151 73 53
17 151 75 14
21 151 70 23
16 152 72 51
17 152 76 16
19 152 74 21
21 152 71 24
16 153 71 50
17 153 76 17
19 153 75 23
21 153 72 24
16 154 70 49
17 154 77 18
19 154 75 25
16 155 69 47
17 155 77 20
19 155 76 26
20 155 67 38
16 156 68 46
17 156 78 21
19 156 77 28
20 156 68 39
16 157 67 45
17 157 79 23
19 157 78 30
20 157 69 41
16 158 66 43
17 158 79 24
19 158 78 32
20 158 70 42
16 159 65 42
17 159 80 26
19 159 79 34
20 159 71 43
16 160 64 41
17 160 80 27
19 160 80 36
20 160 71 43
16 161 63 39
17 161 81 29
19 161 81 38
16 162 63 39
17 162 82 30
19 162 81 39
17 163 82 32
19 163 82 41
17 164 83 33
19 164 82 42
17 165 83 34
19 169 82 41
19 170 81 40
19 171 81 39
19 172 81 38
19 173 80 37
16 174 63 39
19 174 80 36
16 175 63 37
19 175 79 35
16 176 64 36
19 176 79 34
16 177 64 35
19 177 78 33
16 178 64 33
19 178 78 32
16 179 64 32
19 179 78 31
20 179 71 43
16 180 64 31
19 180 77 31
20 180 71 42
16 181 64 29
19 181 77 30
20 181 71 41
16 182 65 28
19 182 76 29
20 182 71 40
16 183 65 27
17 183 83 34
19 183 76 28
20 183 71 39
16 184 65 26
17 184 82 35
19 184 76 27
20 184 71 38
16 185 65 24
17 185 81 36
19 185 75 26
20 185 71 37
16 186 65 23
17 186 80 37
19 186 75 25
20 186 71 36
16 187 66 22
17 187 78 38
19 187 74 24
20 187 72 35
16 188 66 20
17 188 77 38
19 188 74 23
20 188 72 34
16 189 66 19
17 189 76 39
19 189 73 22
20 189 72 33
16 190 66 18
17 190 75 40
19 190 73 22
20 190 72 32
16 191 66 16
17 191 75 41
20 191 72 31
16 192 66 15
20 192 72 29
16 193 67 14
20 193 72 28
16 194 67 12
20 194 72 27
16 195 67 11
20 195 72 26
16 196 67 10
20 196 72 25
16 197 67 8
20 197 72 24
16 198 67 7
20 198 72 23
16 199 68 6
20 199 72 22
16 200 68 20
20 200 72 21
16 201 68 19
20 201 72 20
16 202 68 18
20 202 72 19
16 203 68 17
20 203 72 18
16 204 68 16
20 204 72 17
21 204 72 24
18 205 71 36
20 205 72 16
21 205 71 23
18 206 71 35
20 206 72 15
21 206 71 22
18 207 71 34
20 207 72 14
21 207 71 20
18 208 71 32
19 208 73 22
20 208 73 13
21 208 70 19
18 209 71 31
19 209 73 24
20 209 73 11
21 209 70 18
18 210 71 30
19 210 73 26
20 210 73 10
21 210 70 17
17 211 75 40
18 211 71 29
19 211 73 27
20 211 73 9
21 211 69 16
17 212 75 39
18 212 71 27
19 212 73 29
20 212 73 8
21 212 69 15
17 213 75 38
18 213 72 26
19 213 73 31
20 213 73 7
21 213 69 14
17 214 76 36
18 214 72 25
19 214 72 32
20 214 73 6
21 214 68 13
17 215 76 35
18 215 72 24
19 215 72 34
20 215 73 21
21 215 68 12
17 216 77 33
18 216 72 22
19 216 72 36
20 216 73 20
21 216 67 10
17 217 77 32
18 217 72 21
19 217 72 38
20 217 73 19
21 217 67 9
17 218 77 31
18 218 72 20
19 218 72 38
20 218 73 18
21 218 67 8
17 219 78 29
18 219 72 19
20 219 73 17
21 219 66 7
17 220 78 29
18 220 72 17
20 220 73 17
21 220 66 6
18 221 72 16
21 221 66 21
18 222 72 15
21 222 65 20
18 223 72 14
21 223 65 19
19 236 71 37
19 237 71 36
16 238 68 17
19 238 70 34
16 239 68 18
19 239 69 33
16 240 68 20
19 240 69 32
16 241 67 21
19 241 68 30
20 241 73 17
16 242 67 6
19 242 67 29
20 242 73 19
16 243 67 7
19 243 66 28
20 243 73 20
16 244 66 8
19 244 66 26
20 244 73 6
16 245 66 9
19 245 65 25
20 245 73 8
16 246 66 11
19 246 64 24
20 246 73 9
16 247 66 12
19 247 64 23
20 247 73 11
16 248 65 13
20 248 72 12
16 249 65 14
20 249 72 14
16 250 65 15
20 250 72 16
16 251 64 16
20 251 72 17
16 252 64 18
18 252 72 14
20 252 72 19
16 253 64 19
18 253 73 14
20 253 72 21
16 254 64 20
18 254 75 13
20 254 72 22
16 255 63 21
20 255 72 24
16 256 63 22
20 256 72 25
16 257 63 23
20 257 72 27
16 258 62 25
20 258 72 29
16 259 62 26
20 259 72 30
16 260 62 27
20 260 72 32
16 261 62 28
20 261 71 33
16 262 61 29
20 262 71 35
16 263 61 30
20 263 71 37
16 264 61 32
20 264 71 38
16 265 60 33
20 265 71 40
16 266 60 34
18 266 74 13
20 266 71 41
16 267 60 34
18 267 74 14
20 267 71 43
18 268 74 16
20 268 71 45
17 269 77 28
18 269 73 17
20 269 71 46
16 270 60 33
17 270 77 26
18 270 73 18
20 270 71 48
16 271 61 32
17 271 76 24
18 271 72 19
20 271 71 49
16 272 61 30
17 272 76 22
18 272 72 20
20 272 71 51
16 273 61 29
17 273 75 20
18 273 71 21
20 273 71 53
16 274 62 27
17 274 75 18
18 274 71 22
19 274 64 23
20 274 70 54
16 275 62 25
17 275 74 16
18 275 71 23
19 275 64 24
20 275 70 56
16 276 63 24
17 276 74 14
18 276 70 24
19 276 65 26
20 276 70 57
16 277 63 22
17 277 74 13
18 277 70 25
19 277 65 27
20 277 70 58
16 278 63 21
17 278 73 11
18 278 69 26
19 278 65 28
16 279 64 19
17 279 73 9
18 279 69 28
19 279 66 30
16 280 64 18
17 280 72 7
18 280 68 29
19 280 66 31
21 280 65 20
16 281 64 16
17 281 72 21
18 281 68 30
19 281 67 32
20 281 70 57
21 281 65 6
16 282 65 15
17 282 71 19
18 282 68 31
19 282 67 34
20 282 71 56
21 282 65 8
16 283 65 13
17 283 71 17
18 283 67 32
19 283 68 35
20 283 71 54
21 283 65 10
16 284 66 11
17 284 71 17
18 284 67 33
19 284 68 37
20 284 71 52
21 284 65 12
16 285 66 10
18 285 66 34
19 285 68 37
20 285 71 51
21 285 65 14
16 286 66 8
18 286 66 35
20 286 71 49
21 286 65 16
16 287 67 7
18 287 65 36
20 287 71 48
21 287 65 18
16 288 67 6
18 288 65 37
20 288 71 46
21 288 65 20
18 289 64 38
20 289 72 44
21 289 65 22
18 290 64 40
20 290 72 43
21 290 65 24
18 291 64 40
20 291 72 41
21 291 65 26
20 292 72 39
21 292 65 28
20 293 72 38
21 293 65 30
20 294 72 36
21 294 65 32
20 295 73 34
21 295 65 34
20 296 73 33
21 296 65 36
20 297 73 31
21 297 65 38
20 298 73 30
21 298 65 40
20 299 73 28
21 299 65 41
20 300 73 26
21 300 65 43
20 301 74 25
21 301 65 45
19 302 70 37
20 302 74 23
21 302 65 47
19 303 71 38
20 303 74 21
21 303 65 49
19 304 73 38
20 304 74 20
21 304 66 51
19 305 74 39
20 305 74 18
21 305 66 53
19 306 76 39
20 306 74 17
21 306 66 55
16 307 67 7
19 307 77 39
21 307 66 57
16 308 67 9
19 308 78 40
21 308 66 57
16 309 67 10
16 310 67 12
16 311 67 13
18 311 64 40
16 312 67 15
18 312 64 39
16 313 67 17
18 313 64 38
16 314 67 18
18 314 65 36
16 315 67 20
18 315 65 35
16 316 67 21
18 316 65 34
16 317 67 23
18 317 66 33
16 318 67 25
18 318 66 31
16 319 67 26
18 319 67 30
16 320 67 28
18 320 67 29
16 321 67 29
18 321 67 27
16 322 68 31
18 322 68 26
16 323 68 32
18 323 68 25
16 324 68 34
18 324 68 24
16 325 68 36
18 325 69 22
16 326 68 37
18 326 69 21
16 327 68 39
18 327 69 20
16 328 68 40
18 328 70 18
16 329 68 42
18 329 70 17
16 330 68 43
18 330 70 16
16 331 68 45
18 331 71 16
16 332 68 45
17 334 70 17
20 334 73 18
17 335 70 18
20 335 72 18
17 336 70 19
20 336 71 18
17 337 70 20
20 337 71 18
17 338 70 21
17 339 70 6
20 339 70 17
17 340 70 8
20 340 69 15
17 341 69 9
20 341 68 14
17 342 69 10
20 342 68 13
17 343 69 11
20 343 67 12
17 344 69 12
20 344 66 10
17 345 69 13
20 345 65 9
17 346 69 14
20 346 64 8
17 347 68 15
20 347 64 6
17 348 68 16
20 348 63 21
17 349 68 17
20 349 62 20
17 350 68 18
20 350 61 19
17 351 68 19
18 351 70 16
20 351 61 18
21 351 66 57
17 352 68 20
18 352 70 18
21 352 67 56
17 353 67 21
18 353 70 19
17 354 67 22
18 354 70 20
17 355 67 23
18 355 70 22
17 356 67 24
18 356 70 23
17 357 67 25
18 357 70 24
17 358 67 27
18 358 70 26
19 358 78 40
17 359 67 28
18 359 70 27
19 359 77 38
17 360 67 28
18 360 70 29
19 360 76 37
18 361 70 30
19 361 75 36
18 362 70 31
19 362 74 35
18 363 70 33
19 363 73 34
18 364 70 34
19 364 73 33
18 365 70 35
19 365 72 32
18 366 70 37
19 366 71 31
18 367 70 38
19 367 70 30
18 368 70 40
19 368 69 29
18 369 70 41
19 369 68 27
18 370 69 42
19 370 67 26
18 371 69 44
19 371 66 25
18 372 69 45
19 372 65 24
18 373 69 46
19 373 64 23
18 374 69 48
19 374 64 22
18 375 69 48
20 381 61 18
20 382 61 19
20 383 61 21
20 384 62 6
20 385 62 7
20 386 62 9
20 387 63 10
20 388 63 11
20 389 63 12
16 390 68 44
20 390 64 14
16 391 68 42
20 391 64 15
16 392 68 40
20 392 64 16
16 393 68 38
20 393 65 18
21 393 67 56
16 394 68 36
19 394 64 22
20 394 65 19
21 394 67 55
16 395 68 35
19 395 65 22
20 395 65 20
21 395 67 53
16 396 69 33
19 396 66 21
20 396 66 21
21 396 67 52
16 397 69 31
19 397 67 21
20 397 66 23
21 397 68 51
16 398 69 29
19 398 68 21
20 398 66 24
21 398 68 49
16 399 69 27
19 399 70 21
20 399 66 25
21 399 68 48
16 400 69 25
19 400 71 20
20 400 67 27
21 400 68 47
16 401 69 23
17 401 67 27
19 401 72 20
20 401 67 28
21 401 69 45
16 402 69 21
17 402 67 26
19 402 73 20
20 402 67 29
21 402 69 44
16 403 69 19
17 403 68 24
19 403 74 19
20 403 68 30
21 403 69 42
16 404 70 17
17 404 69 23
19 404 74 19
20 404 68 32
21 404 69 41
16 405 70 16
17 405 69 22
20 405 68 33
21 405 69 40
16 406 70 14
17 406 70 20
20 406 69 34
21 406 70 38
16 407 70 12
17 407 70 19
20 407 69 36
21 407 70 37
16 408 70 10
17 408 71 18
20 408 69 37
21 408 70 35
16 409 70 8
17 409 72 16
20 409 70 38
21 409 70 34
16 410 70 6
17 410 72 15
20 410 70 39
21 410 71 33
16 411 70 20
17 411 73 14
20 411 70 41
21 411 71 31
16 412 70 18
17 412 73 12
20 412 71 42
21 412 71 30
17 413 74 11
20 413 71 43
21 413 71 29
17 414 75 10
20 414 71 45
21 414 71 27
17 415 75 8
20 415 71 45
21 415 72 26
17 416 76 7
21 416 72 24
17 417 76 6
21 417 72 23
17 418 77 20
21 418 72 22
17 419 78 19
21 419 73 20
17 420 78 18
21 420 73 19
17 421 79 16
21 421 73 18
17 422 79 16
21 422 73 17
18 432 69 47
18 433 69 46
18 434 69 44
18 435 69 43
18 436 69 42
18 437 69 40
18 438 68 39
18 439 68 38
18 440 68 36
18 441 68 35
18 442 68 34
18 443 68 32
18 444 68 31
18 445 68 30
18 446 68 28
18 447 67 27
18 448 67 26
18 449 67 24
18 450 67 23
18 451 67 22
17 452 78 17
18 452 67 20
17 453 78 19
18 453 67 19
20 453 71 44
16 454 70 18
17 454 77 20
18 454 67 17
20 454 71 43
16 455 70 20
17 455 77 6
18 455 67 16
20 455 70 42
16 456 70 21
17 456 76 7
18 456 66 15
20 456 70 41
16 457 70 6
17 457 75 9
18 457 66 13
20 457 70 39
16 458 70 7
17 458 75 10
18 458 66 12
20 458 69 38
16 459 70 9
17 459 74 11
18 459 66 11
20 459 69 37
16 460 70 10
17 460 74 13
18 460 66 9
20 460 69 36
16 461 69 11
17 461 73 14
18 461 66 8
19 461 74 20
20 461 68 35
16 462 69 13
17 462 73 16
18 462 66 7
19 462 72 21
20 462 68 33
21 462 73 19
16 463 69 14
17 463 72 17
18 463 66 21
19 463 71 22
20 463 68 32
21 463 73 20
16 464 69 15
17 464 71 19
18 464 65 20
19 464 70 24
20 464 67 31
21 464 72 22
16 465 69 16
17 465 71 20
18 465 65 19
19 465 69 25
20 465 67 30
21 465 72 24
16 466 69 18
17 466 70 22
19 466 68 25
20 466 67 29
21 466 72 26
17 467 70 23
20 467 66 28
21 467 72 28
17 468 69 24
20 468 66 26
21 468 71 29
20 469 66 25
21 469 71 31
20 470 65 24
21 470 71 33
20 471 65 23
21 471 71 35
20 472 65 22
21 472 71 37
20 473 64 20
21 473 70 38
20 474 64 19
21 474 70 40
20 475 64 18
20 476 63 17
20 477 63 16
20 478 63 15
17 483 69 24
17 484 69 25
17 485 69 26
17 486 69 28
17 487 69 29
17 488 69 30
16 489 70 18
17 489 69 32
16 490 70 19
17 490 69 33
16 491 69 19
17 491 69 34
16 492 67 19
17 492 69 36
16 493 66 19
17 493 69 37
18 493 65 20
16 494 64 20
17 494 69 38
18 494 65 21
16 495 63 20
17 495 69 39
18 495 65 7
19 495 68 25
16 496 63 20
17 496 69 41
18 496 65 8
19 496 70 24
17 497 69 42
18 497 65 10
19 497 71 24
17 498 69 43
18 498 65 11
19 498 72 23
21 498 70 39
17 499 69 45
18 499 65 13
19 499 73 22
21 499 70 37
17 500 69 46
18 500 65 14
19 500 74 21
21 500 69 36
17 501 69 47
18 501 65 16
19 501 75 20
21 501 69 34
17 502 69 49
18 502 65 17
19 502 77 19
21 502 69 32
17 503 69 50
18 503 65 18
19 503 77 19
21 503 69 30
17 504 69 51
18 504 65 20
21 504 68 28
17 505 69 52
18 505 65 21
21 505 68 27
17 506 69 54
18 506 65 23
21 506 68 25
17 507 69 55
18 507 65 24
21 507 67 23
17 508 69 56
18 508 65 26
20 508 63 15
21 508 67 21
17 509 69 58
18 509 65 27
20 509 64 13
21 509 67 19
17 510 69 58
18 510 65 28
20 510 65 12
21 510 66 18
18 511 65 30
20 511 66 11
21 511 66 16
18 512 65 31
20 512 67 10
21 512 66 14
18 513 65 33
20 513 68 9
21 513 65 12
18 514 65 34
20 514 69 8
21 514 65 10
18 515 64 36
20 515 70 6
21 515 65 9
18 516 64 37
20 516 71 21
21 516 64 7
20 517 72 20
21 517 64 21
20 518 72 20
21 518 64 19
21 519 64 19
16 534 63 19
16 535 64 18
17 535 69 58
16 536 64 16
17 536 69 56
20 536 72 21
16 537 65 14
17 537 68 55
20 537 72 6
21 537 64 20
16 538 65 12
17 538 68 54
20 538 72 8
21 538 64 21
16 539 66 11
17 539 67 52
20 539 72 9
21 539 64 6
16 540 66 9
17 540 67 51
20 540 71 11
21 540 64 7
16 541 67 7
17 541 66 50
20 541 71 12
21 541 64 8
16 542 68 6
17 542 66 48
20 542 71 14
21 542 64 10
16 543 68 20
17 543 66 47
20 543 71 16
21 543 64 11
17 544 65 45
20 544 71 17
21 544 64 12
17 545 65 44
20 545 70 19
21 545 64 13
17 546 64 43
20 546 70 20
21 546 64 14
17 547 64 41
20 547 70 22
21 547 64 15
17 548 63 40
20 548 70 24
21 548 64 16
17 549 63 39
20 549 69 25
21 549 64 17
17 550 63 38
20 550 69 27
21 550 64 19
20 551 69 28
21 551 64 20
16 552 68 21
20 552 69 30
21 552 64 21
16 553 69 6
20 553 69 31
21 553 64 22
16 554 69 7
18 554 65 36
20 554 68 33
21 554 64 23
16 555 69 8
18 555 65 35
20 555 68 35
21 555 64 24
16 556 69 9
18 556 65 33
20 556 68 36
21 556 64 25
16 557 70 10
18 557 66 31
20 557 68 38
21 557 64 27
16 558 70 11
18 558 66 29
20 558 67 39
21 558 64 28
16 559 70 13
18 559 67 27
20 559 67 41
21 559 64 29
16 560 70 14
18 560 67 25
20 560 67 42
21 560 65 30
16 561 71 15
18 561 67 24
20 561 67 44
21 561 65 31
16 562 71 16
18 562 68 22
19 562 77 19
20 562 67 45
21 562 65 32
16 563 71 17
18 563 68 20
19 563 77 20
21 563 65 33
16 564 71 18
17 564 63 39
18 564 69 18
19 564 76 21
21 564 65 34
16 565 72 19
17 565 64 40
18 565 69 16
19 565 76 22
21 565 65 36
16 566 72 20
17 566 64 42
18 566 70 14
19 566 75 23
21 566 65 37
16 567 72 21
17 567 65 43
18 567 70 13
19 567 75 24
21 567 65 38
16 568 72 22
17 568 66 45
18 568 70 11
19 568 74 25
20 568 67 44
21 568 65 39
16 569 73 24
17 569 66 46
18 569 71 9
19 569 74 26
20 569 67 43
21 569 65 40
16 570 73 25
17 570 67 48
18 570 71 7
19 570 74 27
20 570 67 41
21 570 65 41
16 571 73 26
17 571 68 49
18 571 72 21
19 571 73 27
20 571 67 39
21 571 65 42
16 572 73 27
17 572 68 50
18 572 72 19
19 572 73 28
20 572 67 37
21 572 65 44
16 573 74 28
17 573 69 51
18 573 72 18
19 573 72 29
20 573 67 36
21 573 65 45
16 574 74 29
17 574 69 50
18 574 73 16
19 574 72 30
20 574 68 34
21 574 65 46
16 575 74 30
17 575 68 48
18 575 73 16
19 575 72 31
20 575 68 32
21 575 65 47
16 576 74 31
17 576 68 47
19 576 71 32
20 576 68 30
21 576 65 48
16 577 75 32
17 577 68 45
19 577 71 32
20 577 68 29
21 577 65 49
16 578 75 33
17 578 68 43
20 578 68 27
21 578 65 50
16 579 75 34
17 579 68 41
20 579 68 25
21 579 65 51
17 580 68 39
20 580 69 23
21 580 65 53
17 581 68 37
20 581 69 22
21 581 65 54
17 582 68 35
20 582 69 20
21 582 65 55
17 583 68 34
20 583 69 18
21 583 65 55
17 584 68 32
20 584 69 16
17 585 68 30
20 585 69 16
17 586 68 28
17 587 68 26
17 588 68 24
17 589 68 23
17 590 68 21
17 591 68 19
17 592 68 18
18 597 73 16
18 598 72 17
18 599 71 18
18 600 70 20
16 601 74 35
18 601 69 21
16 602 74 36
18 602 68 6
16 603 73 38
18 603 67 7
20 603 69 17
16 604 73 39
18 604 66 9
20 604 68 19
16 605 72 41
18 605 66 10
20 605 67 20
16 606 72 42
20 606 67 21
16 607 71 44
20 607 67 22
16 608 71 45
16 609 70 47
16 610 70 48
16 611 69 50
16 612 69 51
16 613 69 52
16 614 69 51
16 615 69 49
16 616 70 48
16 617 70 46
21 617 65 55
16 618 71 45
21 618 65 54
16 619 71 43
21 619 65 52
16 620 72 42
21 620 65 51
16 621 72 40
21 621 66 50
16 622 73 38
21 622 66 49
16 623 73 37
21 623 66 48
16 624 74 35
19 624 71 32
21 624 66 47
16 625 74 34
19 625 70 34
21 625 66 46
16 626 75 32
19 626 70 36
21 626 66 45
16 627 75 31
19 627 69 37
21 627 66 44
16 628 76 29
19 628 68 39
21 628 66 43
16 629 76 28
19 629 68 40
21 629 66 41
16 630 77 26
19 630 67 42
21 630 66 40
16 631 77 24
19 631 66 44
21 631 66 39
16 632 78 23
19 632 66 45
21 632 67 38
16 633 78 21
19 633 65 47
21 633 67 37
16 634 79 20
19 634 64 48
21 634 67 36
17 635 68 18
19 635 64 50
21 635 67 35
17 636 69 17
19 636 64 50
21 636 67 34
17 637 69 16
21 637 67 33
17 638 70 15
21 638 67 32
17 639 71 14
21 639 67 31
17 640 71 13
21 640 67 29
17 641 72 12
21 641 67 28
17 642 72 11
21 642 67 27
17 643 73 10
17 644 74 9
17 645 74 8
17 646 75 7
17 647 76 6
17 648 76 6
20 651 67 22
20 652 66 23
20 653 66 25
20 654 66 26
20 655 66 27
20 656 66 28
20 657 66 29
20 658 66 30
20 659 66 31
20 660 66 32
20 661 66 34
20 662 66 35
20 663 66 36
18 665 66 11
18 666 66 12
18 667 66 13
19 667 64 49
18 668 66 14
19 668 65 47
18 669 66 16
19 669 65 45
18 670 66 17
19 670 66 44
18 671 67 18
19 671 66 42
18 672 67 19
19 672 67 40
18 673 67 21
19 673 67 38
18 674 67 22
19 674 68 36
18 675 67 23
19 675 68 35
18 676 67 24
19 676 69 33
18 677 67 26
19 677 69 31
18 678 68 27
19 678 70 29
18 679 68 28
19 679 70 28
18 680 68 29
19 680 71 26
18 681 68 31
19 681 71 24
17 682 76 7
18 682 68 32
19 682 72 22
17 683 76 8
18 683 68 33
19 683 72 20
17 684 76 9
18 684 68 34
19 684 72 20
17 685 77 11
18 685 69 36
17 686 77 12
18 686 69 37
17 687 77 14
18 687 69 38
17 688 77 15
18 688 69 39
17 689 77 16
18 689 69 41
16 690 79 20
17 690 77 18
18 690 69 42
16 691 78 18
17 691 78 19
18 691 69 43
16 692 77 17
17 692 78 20
18 692 70 45
16 693 76 16
17 693 78 22
18 693 70 46
20 693 66 35
16 694 75 14
17 694 78 23
18 694 70 47
20 694 67 34
16 695 75 13
17 695 78 24
18 695 70 48
20 695 67 33
16 696 74 11
17 696 78 26
18 696 70 50
19 696 72 22
20 696 67 31
16 697 73 10
17 697 79 27
18 697 70 51
19 697 71 23
20 697 68 30
16 698 72 8
17 698 79 28
18 698 70 52
19 698 71 25
20 698 68 29
16 699 71 7
17 699 79 30
18 699 70 53
19 699 71 26
20 699 69 28
16 700 70 21
17 700 79 31
18 700 71 55
19 700 70 28
20 700 69 27
16 701 70 20
17 701 79 33
18 701 71 56
19 701 70 30
20 701 69 26
16 702 69 19
17 702 80 34
18 702 71 57
19 702 69 31
20 702 70 24
21 702 67 29
16 703 69 18
17 703 80 35
18 703 71 58
19 703 69 33
20 703 70 23
21 703 68 30
17 704 80 35
19 704 68 34
20 704 71 22
21 704 68 31
16 705 69 20
19 705 68 36
20 705 71 21
21 705 68 33
16 706 70 21
19 706 67 38
20 706 72 20
21 706 68 34
16 707 71 7
19 707 67 39
20 707 72 19
21 707 68 36
16 708 72 8
19 708 67 41
20 708 72 18
21 708 68 37
16 709 73 10
19 709 66 42
20 709 73 16
21 709 68 39
16 710 74 11
19 710 66 44
20 710 73 15
21 710 68 40
16 711 74 12
19 711 65 46
20 711 74 14
21 711 68 42
19 712 65 47
20 712 74 13
21 712 68 43
19 713 64 49
20 713 74 12
21 713 68 45
19 714 64 50
20 714 75 11
21 714 68 46
19 715 63 52
20 715 75 10
21 715 68 48
19 716 63 54
20 716 76 8
21 716 68 49
19 717 63 55
20 717 76 7
21 717 68 51
19 718 62 57
20 718 77 6
21 718 68 52
19 719 62 58
20 719 77 21
21 719 68 53
20 720 77 20
21 720 68 55
20 721 78 19
21 721 68 56
20 722 78 18
21 722 68 58
20 723 79 16
21 723 68 58
20 724 79 16
17 727 78 36
17 728 77 37
17 729 75 38
17 730 74 39
17 731 73 39
17 732 71 40
17 733 70 41
21 734 68 57
21 735 68 55
21 736 68 54
21 737 68 53
21 738 68 51
21 739 68 50
21 740 67 48
21 741 67 47
21 742 67 45
21 743 67 44
21 744 67 42
21 745 67 41
19 746 62 57
21 746 67 39
18 747 71 57
19 747 62 55
21 747 67 38
16 748 74 13
18 748 70 55
19 748 63 54
21 748 67 36
16 749 74 14
18 749 69 54
19 749 63 52
21 749 66 35
16 750 75 16
18 750 69 52
19 750 63 50
21 750 66 33
16 751 75 17
18 751 68 51
19 751 64 49
21 751 66 32
16 752 75 19
18 752 68 49
19 752 64 47
21 752 66 30
16 753 76 20
17 753 70 41
18 753 67 47
19 753 64 45
21 753 66 29
16 754 76 22
17 754 70 42
18 754 67 46
19 754 65 43
21 754 66 27
16 755 76 23
17 755 71 43
18 755 66 44
19 755 65 42
21 755 66 26
17 756 71 44
18 756 66 43
19 756 65 40
21 756 66 25
17 757 72 45
18 757 65 41
19 757 66 38
17 758 72 46
18 758 64 40
19 758 66 37
17 759 72 47
18 759 64 38
19 759 66 35
20 759 79 16
17 760 73 48
18 760 63 37
19 760 67 33
20 760 78 18
17 761 73 48
18 761 63 36
19 761 67 32
20 761 78 19
17 762 74 49
19 762 68 30
20 762 78 20
17 763 74 50
19 763 68 28
20 763 78 21
17 764 75 51
19 764 68 26
20 764 77 6
17 765 75 52
19 765 69 25
20 765 77 7
17 766 75 53
19 766 69 23
20 766 77 8
17 767 76 54
19 767 69 21
20 767 77 9
21 767 66 23
17 768 76 55
19 768 70 20
20 768 76 10
21 768 66 22
17 769 77 56
19 769 70 18
20 769 76 12
21 769 66 20
17 770 77 57
19 770 70 16
20 770 76 13
21 770 66 18
17 771 77 58
19 771 71 15
20 771 76 14
21 771 66 16
19 772 71 13
20 772 75 15
21 772 66 15
19 773 71 11
20 773 75 16
21 773 66 13
19 774 72 9
20 774 75 17
21 774 66 11
20 775 75 18
21 775 65 10
20 776 74 19
21 776 65 8
20 777 74 20
21 777 65 6
20 778 74 22
21 778 65 20
20 779 74 23
21 779 65 19
20 780 73 24
21 780 65 17
20 781 73 25
18 782 63 36
20 782 73 26
18 783 64 38
20 783 73 27
18 784 64 40
20 784 72 28
18 785 65 42
20 785 72 29
18 786 66 43
20 786 72 30
18 787 66 45
20 787 72 32
18 788 67 47
20 788 71 33
18 789 67 48
20 789 71 34
18 790 68 50
20 790 71 35
20 791 71 35
16 806 76 23
16 807 75 24
16 808 75 26
17 808 77 57
16 809 74 27
17 809 77 56
16 810 73 28
17 810 77 55
16 811 72 29
17 811 77 53
16 812 72 30
17 812 77 52
16 813 71 32
17 813 77 51
16 814 70 33
17 814 77 50
16 815 70 34
17 815 77 49
16 816 69 35
17 816 77 47
16 817 68 37
17 817 77 46
18 817 68 49
16 818 67 38
17 818 77 45
18 818 68 47
16 819 67 39
17 819 77 44
18 819 68 45
16 820 66 40
17 820 77 43
18 820 69 43
16 821 65 41
17 821 77 42
18 821 69 42
16 822 65 43
17 822 77 40
18 822 69 40
16 823 64 44
17 823 77 39
18 823 69 38
16 824 63 45
17 824 77 38
18 824 69 36
16 825 62 46
17 825 78 37
18 825 70 34
16 826 62 48
17 826 78 36
18 826 70 32
16 827 61 49
17 827 78 34
18 827 70 30
16 828 60 50
17 828 78 33
18 828 70 28
16 829 60 50
17 829 78 32
18 829 70 27
17 830 78 31
18 830 71 25
20 830 71 35
17 831 78 30
18 831 71 23
20 831 71 34
17 832 78 29
18 832 71 21
20 832 71 33
17 833 78 27
18 833 71 19
19 833 72 11
20 833 72 32
17 834 78 26
18 834 71 17
19 834 72 13
20 834 72 30
17 835 78 25
18 835 72 15
19 835 72 15
20 835 72 29
17 836 78 24
18 836 72 13
19 836 72 16
20 836 72 28
17 837 78 23
18 837 72 12
19 837 72 18
20 837 73 27
21 837 65 18
17 838 78 21
18 838 72 10
19 838 72 20
20 838 73 26
21 838 66 19
17 839 78 20
18 839 72 8
19 839 72 22
20 839 73 25
21 839 66 20
17 840 78 19
18 840 73 6
19 840 72 24
20 840 73 24
21 840 66 21
17 841 78 18
18 841 73 20
19 841 72 26
20 841 74 23
21 841 66 6
17 842 78 17
19 842 72 28
20 842 74 22
21 842 67 7
17 843 78 15
19 843 72 30
20 843 74 21
21 843 67 8
17 844 78 14
19 844 72 31
20 844 74 20
21 844 67 9
17 845 78 13
19 845 72 33
20 845 75 19
21 845 67 10
17 846 78 12
19 846 72 35
20 846 75 18
21 846 68 12
17 847 78 11
19 847 72 37
20 847 75 17
21 847 68 13
17 848 78 10
19 848 72 39
20 848 76 16
21 848 68 14
17 849 78 8
19 849 72 39
20 849 76 15
21 849 68 15
17 850 78 7
20 850 76 14
21 850 69 16
17 851 78 6
21 851 69 17
17 852 78 21
21 852 69 18
17 853 78 20
21 853 69 19
21 854 70 20
21 855 70 21
16 871 61 50
16 872 62 49
16 873 62 48
16 874 63 48
16 875 64 47
16 876 65 46
16 877 66 46
16 878 67 45
16 879 68 44
16 880 69 44
16 881 70 43
20 881 75 15
16 882 71 42
20 882 74 16
16 883 72 42
18 883 73 20
20 883 73 17
16 884 73 41
18 884 73 6
20 884 72 19
16 885 73 41
18 885 73 7
19 885 72 39
20 885 71 20
18 886 72 8
19 886 72 39
20 886 70 21
21 886 69 20
18 887 72 9
20 887 69 22
21 887 69 18
18 888 72 10
20 888 68 24
21 888 69 17
18 889 72 12
20 889 67 25
21 889 69 16
18 890 72 13
21 890 69 15
18 891 72 14
21 891 68 13
18 892 72 15
21 892 68 12
18 893 72 16
20 893 67 24
21 893 68 11
18 894 72 17
20 894 66 22
21 894 68 9
18 895 71 19
20 895 66 21
21 895 68 8
18 896 71 20
20 896 65 19
21 896 67 7
18 897 71 21
20 897 64 18
21 897 67 6
18 898 71 22
20 898 64 17
21 898 67 20
18 899 71 23
21 899 67 19
18 900 71 25
21 900 66 18
18 901 71 26
19 901 71 39
18 902 71 27
19 902 70 39
18 903 70 28
18 904 70 29
18 905 70 31
21 905 67 18
18 906 70 32
21 906 67 20
18 907 70 33
21 907 67 6
18 908 70 34
21 908 67 8
18 909 70 35
21 909 68 10
17 910 77 21
18 910 70 37
21 910 68 12
17 911 76 6
18 911 70 38
21 911 68 14
17 912 75 7
18 912 69 39
21 912 69 16
17 913 74 8
18 913 69 40
21 913 69 17
17 914 73 9
18 914 69 41
21 914 69 19
17 915 71 10
18 915 69 42
21 915 70 21
17 916 70 11
18 916 69 44
21 916 70 23
17 917 69 11
18 917 69 45
21 917 70 25
17 918 68 12
18 918 69 46
21 918 71 27
17 919 67 13
18 919 69 47
21 919 71 29
17 920 66 14
18 920 68 48
21 920 71 31
17 921 65 15
18 921 68 50
21 921 72 33
17 922 65 15
18 922 68 51
21 922 72 35
18 923 68 51
19 923 70 37
21 923 72 37
17 924 65 16
19 924 70 36
21 924 73 38
17 925 67 16
19 925 70 35
21 925 73 40
17 926 68 16
19 926 70 33
21 926 73 42
17 927 70 17
19 927 70 32
21 927 74 44
17 928 71 17
19 928 70 31
17 929 72 17
19 929 70 29
19 930 70 28
19 931 70 27
19 932 71 25
19 933 71 24
19 934 71 23
20 935 64 18
20 936 65 19
20 937 67 20
20 938 68 22
20 939 69 23
20 940 70 24
20 941 71 26
20 942 72 26
16 944 73 41
16 945 74 42
16 946 74 43
17 948 72 17
17 949 71 16
17 950 70 15
18 950 68 50
17 951 70 14
18 951 68 48
17 952 69 13
18 952 68 46
17 953 68 12
18 953 68 44
17 954 67 11
18 954 67 42
17 955 67 10
18 955 67 41
17 956 66 9
18 956 67 39
16 957 74 41
17 957 65 8
18 957 67 37
16 958 74 39
17 958 64 7
18 958 67 35
16 959 74 37
17 959 64 6
18 959 67 33
16 960 73 36
17 960 63 21
18 960 66 31
19 960 70 23
16 961 73 34
18 961 66 30
19 961 70 25
16 962 73 32
18 962 66 28
19 962 69 27
16 963 72 30
18 963 66 26
19 963 68 29
16 964 72 29
18 964 66 24
19 964 67 30
16 965 72 27
18 965 66 22
19 965 66 32
16 966 72 25
18 966 65 20
19 966 65 34
16 967 71 23
18 967 65 18
19 967 64 36
16 968 71 21
18 968 65 18
19 968 64 38
21 968 73 43
16 969 71 20
19 969 63 39
21 969 73 41
16 970 70 18
19 970 62 41
21 970 73 40
16 971 70 16
19 971 61 43
21 971 72 39
16 972 70 14
21 972 72 37
16 973 69 12
21 973 72 36
16 974 69 11
21 974 71 35
16 975 69 9
21 975 71 33
16 976 69 7
21 976 71 32
16 977 68 21
21 977 70 31
16 978 68 19
21 978 70 29
16 979 68 18
21 979 70 28
16 980 68 17
21 980 69 27
21 981 69 25
21 982 69 24
21 983 68 23
21 984 68 21
21 985 68 20
21 986 67 18
21 987 67 17
18 991 66 18
18 992 68 18
17 993 63 6
18 993 69 19
17 994 63 7
18 994 71 19
17 995 63 8
18 995 71 19
21 995 68 18
17 996 63 9
21 996 69 19
17 997 63 10
21 997 71 19
17 998 62 11
21 998 71 20
17 999 62 12
17 1000 62 13
17 1001 62 14
20 1001 71 27
17 1002 62 16
20 1002 70 28
17 1003 62 17
20 1003 69 30
17 1004 61 18
20 1004 68 32
17 1005 61 19
20 1005 67 34
17 1006 61 20
20 1006 67 35
17 1007 61 21
20 1007 66 37
17 1008 61 22
20 1008 65 39
17 1009 61 23
20 1009 64 41
16 1010 68 17
17 1010 60 24
19 1010 61 42
20 1010 63 42
16 1011 68 19
17 1011 60 25
19 1011 62 40
20 1011 62 44
16 1012 68 20
17 1012 60 26
19 1012 63 38
20 1012 61 46
16 1013 68 21
17 1013 60 28
19 1013 63 36
16 1014 68 6
17 1014 60 29
19 1014 64 35
16 1015 68 7
17 1015 60 30
19 1015 65 33
16 1016 68 8
17 1016 59 31
19 1016 66 31
16 1017 68 10
17 1017 59 32
19 1017 66 29
16 1018 68 11
17 1018 59 33
19 1018 67 27
17 1019 59 34
19 1019 68 25
17 1020 59 35
19 1020 68 24
17 1021 59 36
19 1021 69 22
17 1022 59 37
19 1022 70 20
17 1023 58 38
19 1023 70 18
17 1024 58 40
19 1024 71 16
17 1025 58 41
19 1025 72 15
17 1026 58 42
19 1026 73 13
17 1027 58 43
19 1027 73 11
17 1028 58 44
19 1028 74 9
17 1029 57 45
19 1029 74 8
17 1030 57 46
17 1031 57 47
17 1032 57 48
17 1033 57 49
17 1034 57 50
21 1050 71 19
21 1051 70 17
18 1052 70 18
21 1052 70 16
18 1053 70 16
18 1054 69 15
18 1055 68 13
18 1056 68 11
18 1057 67 10
18 1058 67 8
18 1059 66 6
18 1060 65 21
18 1061 65 19
18 1062 64 18
18 1063 64 18
16 1064 69 11
16 1065 70 11
20 1065 61 46
16 1066 71 12
20 1066 61 44
16 1067 72 12
19 1067 74 10
20 1067 61 42
16 1068 73 13
19 1068 75 11
20 1068 61 40
21 1068 70 17
16 1069 75 13
19 1069 75 12
20 1069 61 39
21 1069 70 19
16 1070 76 14
19 1070 75 14
20 1070 61 37
21 1070 70 21
16 1071 77 14
19 1071 75 15
20 1071 61 35
21 1071 70 22
16 1072 78 14
19 1072 75 16
20 1072 61 34
21 1072 70 24
16 1073 79 15
19 1073 75 18
20 1073 60 32
21 1073 70 25
16 1074 79 15
19 1074 75 19
20 1074 60 30
21 1074 71 27
19 1075 76 20
20 1075 60 28
21 1075 71 29
19 1076 76 22
20 1076 60 27
21 1076 71 30
19 1077 76 22
20 1077 60 25
21 1077 71 32
20 1078 60 24
21 1078 71 34
21 1079 71 35
21 1080 71 37
21 1081 72 38
21 1082 72 40
21 1083 72 42
21 1084 72 43
17 1085 57 49
21 1085 72 45
17 1086 57 48
21 1086 72 46
17 1087 58 47
21 1087 72 48
17 1088 58 45
21 1088 73 50
17 1089 58 44
21 1089 73 51
17 1090 59 43
21 1090 73 53
17 1091 59 42
21 1091 73 54
17 1092 60 40
21 1092 73 56
17 1093 60 39
21 1093 73 58
17 1094 60 38
21 1094 73 58
17 1095 61 37
18 1095 64 19
21 1095 72 56
17 1096 61 35
18 1096 64 20
21 1096 71 55
17 1097 62 34
18 1097 64 21
21 1097 70 53
17 1098 62 33
18 1098 63 7
21 1098 69 52
17 1099 62 32
18 1099 63 8
21 1099 68 50
17 1100 63 30
18 1100 63 9
21 1100 67 48
17 1101 63 29
18 1101 63 11
21 1101 66 47
17 1102 63 28
18 1102 63 11
21 1102 65 45
17 1103 64 27
21 1103 64 43
17 1104 64 25
21 1104 64 43
17 1105 65 24
17 1106 65 23
17 1107 65 22
17 1108 66 20
17 1109 66 19
17 1110 67 18
17 1111 67 18
16 1114 79 15
16 1115 79 17
16 1116 79 19
16 1117 78 21
16 1118 78 22
16 1119 77 24
20 1120 60 24
17 1121 67 18
20 1121 61 24
17 1122 67 20
20 1122 62 24
17 1123 67 21
20 1123 63 24
17 1124 68 23
20 1124 64 24
17 1125 68 25
20 1125 66 24
17 1126 69 26
20 1126 67 24
17 1127 69 27
20 1127 68 24
20 1128 69 24
18 1131 63 12
18 1132 63 13
18 1133 64 14
19 1133 75 22
18 1134 64 16
19 1134 74 21
18 1135 65 17
19 1135 73 20
18 1136 66 18
19 1136 72 19
18 1137 66 19
19 1137 71 19
18 1138 67 21
18 1139 67 22
18 1140 68 23
18 1141 68 25
18 1142 69 26
18 1143 69 27
18 1144 70 29
18 1145 70 30
18 1146 71 31
18 1147 71 33
18 1148 72 34
18 1149 72 35
18 1150 73 37
20 1150 69 25
18 1151 74 38
20 1151 69 26
16 1152 77 25
20 1152 69 27
16 1153 76 27
20 1153 69 28
16 1154 75 28
20 1154 69 29
16 1155 74 30
20 1155 69 30
16 1156 73 32
20 1156 69 31
16 1157 72 33
20 1157 69 32
16 1158 71 35
20 1158 69 33
16 1159 70 36
20 1159 69 34
16 1160 69 38
20 1160 69 35
16 1161 68 39
20 1161 69 36
16 1162 67 41
20 1162 69 37
21 1162 65 44
16 1163 66 43
20 1163 69 38
21 1163 66 45
16 1164 65 44
20 1164 69 39
21 1164 67 47
16 1165 64 46
20 1165 69 40
21 1165 68 48
16 1166 64 47
20 1166 69 41
21 1166 69 49
20 1167 69 42
21 1167 70 51
17 1168 69 26
20 1168 70 44
21 1168 71 52
17 1169 69 25
20 1169 70 45
21 1169 72 53
17 1170 69 24
20 1170 70 46
21 1170 73 54
17 1171 69 22
20 1171 70 47
21 1171 74 56
17 1172 70 21
20 1172 70 48
21 1172 76 57
17 1173 70 19
20 1173 70 49
21 1173 76 58
17 1174 70 18
20 1174 70 50
17 1175 70 17
20 1175 70 51
17 1176 70 15
20 1176 70 51
17 1177 71 14
17 1178 71 13
17 1179 71 11
17 1180 71 10
18 1180 73 38
17 1181 71 9
18 1181 72 38
17 1182 72 7
18 1182 71 38
17 1183 72 6
18 1183 70 38
17 1184 72 21
18 1184 69 38
17 1185 72 19
18 1185 68 38
17 1186 72 19
18 1186 67 38
19 1186 71 20
18 1187 66 38
19 1187 71 21
18 1188 65 38
19 1188 70 22
18 1189 64 38
19 1189 70 24
19 1190 70 25
21 1190 76 58
19 1191 69 26
21 1191 75 57
19 1192 69 27
21 1192 74 55
19 1193 69 29
21 1193 73 54
19 1194 68 30
20 1194 70 51
21 1194 72 53
19 1195 68 31
20 1195 71 51
21 1195 71 52
19 1196 68 32
21 1196 70 51
19 1197 67 34
21 1197 69 50
19 1198 67 35
21 1198 68 49
17 1199 72 20
21 1199 67 48
17 1200 72 21
21 1200 66 47
