8 0 40 8
9 0 45 11
10 0 43 56
11 0 47 40
12 0 51 42
13 0 37 19
14 0 48 25
15 0 46 56
8 1 41 9
9 1 45 12
10 1 44 55
11 1 47 39
12 1 50 41
13 1 37 21
14 1 48 23
15 1 46 54
8 2 42 10
9 2 45 13
10 2 44 54
11 2 46 37
12 2 49 40
13 2 37 22
14 2 47 22
15 2 46 53
8 3 43 12
9 3 45 14
10 3 45 52
11 3 46 36
12 3 48 39
13 3 38 24
14 3 47 21
15 3 46 51
8 4 43 12
9 4 45 15
10 4 46 51
11 4 46 35
12 4 48 38
13 4 38 26
15 4 47 49
9 5 45 8
10 5 46 50
11 5 45 33
12 5 47 37
13 5 39 27
15 5 47 48
9 6 45 10
10 6 47 49
11 6 45 32
12 6 46 37
13 6 39 29
15 6 47 46
9 7 45 11
10 7 47 48
11 7 45 31
12 7 45 36
13 7 40 31
15 7 47 45
9 8 46 12
10 8 48 47
11 8 44 29
13 8 40 33
15 8 47 43
9 9 46 13
10 9 49 46
11 9 44 28
13 9 41 34
15 9 47 42
9 10 46 14
10 10 49 46
11 10 44 27
13 10 41 36
15 10 47 40
9 11 46 15
11 11 43 25
13 11 42 38
15 11 48 39
8 12 43 12
9 12 46 16
11 12 43 24
13 12 42 40
15 12 48 37
8 13 43 13
9 13 46 18
11 13 43 23
13 13 43 41
15 13 48 35
8 14 43 14
9 14 46 19
11 14 42 21
13 14 43 43
15 14 48 34
8 15 43 15
9 15 46 19
11 15 42 20
13 15 44 45
15 15 48 32
8 16 43 8
13 16 44 46
15 16 48 31
8 17 43 9
13 17 45 48
15 17 48 29
8 18 43 11
13 18 45 50
15 18 49 28
8 19 44 12
13 19 45 52
15 19 49 26
8 20 44 13
13 20 46 53
15 20 49 25
8 21 44 14
13 21 46 54
15 21 49 23
8 22 44 15
15 22 49 22
8 23 44 16
15 23 49 20
8 24 44 17
15 24 49 18
8 25 44 18
15 25 50 17
8 26 44 19
13 26 46 53
15 26 50 15
8 27 44 20
11 27 42 19
13 27 46 51
15 27 50 14
8 28 44 21
11 28 41 17
13 28 45 50
15 28 50 12
8 29 44 22
11 29 41 16
13 29 45 48
14 29 47 21
15 29 50 11
8 30 44 24
11 30 40 14
13 30 45 46
14 30 47 19
15 30 50 9
8 31 45 25
11 31 40 12
13 31 45 45
14 31 46 17
15 31 50 8
8 32 45 26
11 32 39 11
13 32 45 43
14 32 46 15
15 32 50 14
8 33 45 27
11 33 39 9
13 33 44 41
14 33 46 14
15 33 51 13
8 34 45 28
11 34 38 15
13 34 44 39
15 34 51 11
8 35 45 29
11 35 38 14
13 35 44 38
15 35 51 9
8 36 45 30
11 36 37 13
13 36 44 36
15 36 51 9
8 37 45 31
13 37 43 34
15 37 51 10
8 38 45 32
12 38 45 35
13 38 43 33
15 38 51 11
8 39 45 33
12 39 45 33
13 39 43 31
15 39 50 12
8 40 45 34
12 40 44 32
13 40 43 29
15 40 50 13
8 41 45 35
12 41 44 30
13 41 42 28
15 41 50 14
8 42 45 37
12 42 43 29
13 42 42 26
15 42 50 15
8 43 46 38
12 43 43 27
13 43 42 24
15 43 49 8
8 44 46 39
12 44 43 26
13 44 42 23
15 44 49 9
8 45 46 40
13 45 42 21
15 45 49 10
8 46 46 41
13 46 41 19
15 46 49 11
8 47 46 42
13 47 41 17
15 47 48 12
8 48 46 43
13 48 41 16
15 48 48 13
8 49 46 44
13 49 41 14
15 49 48 14
8 50 46 45
13 50 40 12
15 50 48 15
8 51 46 46
13 51 40 11
15 51 47 15
8 52 46 47
13 52 40 9
15 52 47 16
8 53 46 48
13 53 40 15
15 53 47 17
8 54 46 49
13 54 39 14
15 54 47 18
8 55 47 51
15 55 46 19
8 56 47 52
15 56 46 20
8 57 47 53
10 57 48 44
15 57 46 21
8 58 47 54
10 58 48 42
15 58 46 22
8 59 47 55
10 59 47 40
15 59 45 23
8 60 47 56
10 60 47 38
15 60 45 24
8 61 47 57
10 61 46 36
15 61 45 25
8 62 47 58
10 62 45 34
15 62 45 26
8 63 47 59
10 63 45 33
15 63 44 27
10 64 44 31
15 64 44 28
10 65 44 29
15 65 44 29
10 66 43 27
15 66 44 30
9 67 45 19
10 67 43 25
15 67 43 31
9 68 44 20
10 68 42 23
15 68 43 32
9 69 43 20
10 69 42 21
15 69 43 33
10 70 41 19
11 70 37 13
15 70 43 34
10 71 40 17
11 71 38 14
12 71 43 27
15 71 42 35
10 72 40 15
11 72 38 8
12 72 43 29
15 72 42 36
10 73 40 14
11 73 38 10
12 73 43 30
15 73 42 37
11 74 38 11
12 74 43 32
15 74 42 38
11 75 39 13
12 75 44 33
15 75 41 39
11 76 39 14
12 76 44 35
11 77 39 16
12 77 44 36
11 78 39 17
12 78 44 37
11 79 40 19
12 79 44 39
11 80 40 20
12 80 45 40
11 81 40 21
12 81 45 42
12 82 45 43
12 83 45 45
12 84 45 46
12 85 46 47
12 86 46 49
12 87 46 50
14 87 45 15
12 88 46 52
14 88 44 15
12 89 46 53
14 89 43 16
12 90 47 55
14 90 43 17
12 91 47 56
14 91 42 18
14 92 41 18
13 95 40 14
13 96 41 13
13 97 42 12
13 98 42 12
15 110 41 39
15 111 42 40
15 112 43 42
15 113 44 44
8 114 47 58
15 114 45 45
8 115 47 57
15 115 46 47
8 116 46 56
15 116 46 48
8 117 46 55
15 117 47 50
8 118 45 54
15 118 48 51
8 119 45 53
15 119 49 53
8 120 45 52
15 120 49 54
8 121 44 51
8 122 44 50
8 123 44 49
9 128 44 19
9 129 46 19
11 129 39 19
9 130 47 18
11 130 38 18
9 131 48 18
11 131 38 18
9 132 50 18
9 133 50 17
10 133 40 15
10 134 40 17
11 134 38 18
13 134 42 12
10 135 40 19
11 135 39 19
13 135 43 11
10 136 40 21
11 136 39 21
13 136 44 11
10 137 40 23
11 137 39 22
12 137 46 55
13 137 45 11
10 138 40 25
11 138 40 24
12 138 46 53
10 139 40 27
11 139 40 25
12 139 45 52
10 140 40 28
11 140 41 27
12 140 45 50
10 141 40 30
11 141 41 28
12 141 44 49
10 142 40 32
11 142 41 30
12 142 43 47
10 143 40 34
11 143 42 31
12 143 43 45
10 144 40 36
11 144 42 33
12 144 42 44
14 144 41 18
10 145 40 38
11 145 43 34
12 145 42 42
14 145 41 19
10 146 41 40
11 146 43 36
12 146 41 41
14 146 42 20
10 147 41 42
11 147 43 37
12 147 41 39
14 147 42 21
10 148 41 44
11 148 44 39
12 148 40 37
14 148 42 22
11 149 44 40
12 149 39 36
14 149 42 23
11 150 45 42
12 150 39 34
14 150 43 25
11 151 45 43
12 151 38 33
14 151 43 26
11 152 45 45
12 152 38 31
14 152 43 27
11 153 46 46
12 153 37 30
14 153 43 28
11 154 46 48
12 154 36 28
13 154 45 12
14 154 44 29
11 155 46 49
12 155 36 26
13 155 44 14
14 155 44 30
15 155 49 52
11 156 47 51
12 156 35 25
13 156 44 8
14 156 44 31
15 156 49 51
11 157 47 52
12 157 35 23
13 157 44 10
14 157 44 32
15 157 49 49
11 158 48 54
12 158 34 22
13 158 44 12
14 158 45 33
15 158 49 48
11 159 48 55
12 159 33 20
13 159 44 14
14 159 45 34
15 159 49 46
11 160 48 57
12 160 33 18
13 160 44 16
14 160 45 35
15 160 49 44
11 161 49 58
12 161 32 17
13 161 44 18
14 161 45 36
15 161 49 43
11 162 49 59
13 162 44 19
14 162 46 37
15 162 49 41
13 163 44 21
14 163 46 38
15 163 49 39
8 164 44 49
13 164 44 23
14 164 46 39
15 164 49 38
8 165 44 48
13 165 43 25
14 165 47 40
15 165 49 36
8 166 45 46
13 166 43 27
14 166 47 41
15 166 49 35
8 167 45 45
13 167 43 29
14 167 47 41
15 167 49 33
8 168 45 43
13 168 43 31
15 168 49 31
8 169 46 42
13 169 43 33
15 169 49 30
8 170 46 40
13 170 43 34
15 170 49 28
8 171 47 39
13 171 43 35
15 171 49 27
8 172 47 37
15 172 49 25
8 173 47 36
15 173 49 23
8 174 48 35
15 174 49 22
8 175 48 33
15 175 49 20
8 176 49 32
15 176 49 19
8 177 49 30
15 177 49 17
8 178 50 29
15 178 49 15
8 179 50 27
15 179 49 14
8 180 50 26
15 180 49 12
8 181 51 24
15 181 49 11
8 182 51 23
15 182 49 10
8 183 52 22
8 184 52 20
8 185 52 19
8 188 52 19
13 188 42 35
8 189 52 21
13 189 41 36
8 190 51 22
13 190 40 37
8 191 50 24
13 191 39 37
8 192 50 26
9 192 49 18
10 192 41 43
13 192 38 38
8 193 49 27
9 193 47 19
10 193 41 42
13 193 37 39
8 194 48 29
9 194 46 20
10 194 42 41
13 194 36 39
8 195 47 31
9 195 44 21
10 195 42 40
13 195 35 40
8 196 47 32
10 196 42 38
13 196 34 41
8 197 46 34
10 197 43 37
13 197 33 42
8 198 45 36
10 198 43 36
13 198 32 42
8 199 45 37
10 199 44 35
13 199 32 43
8 200 45 37
10 200 44 34
13 200 31 44
14 200 46 41
10 201 44 33
13 201 30 44
14 201 45 41
10 202 45 32
14 202 43 41
10 203 45 30
12 203 33 19
14 203 43 41
10 204 45 29
12 204 33 21
10 205 46 28
12 205 33 23
10 206 46 27
12 206 33 25
10 207 47 26
12 207 33 27
10 208 47 25
12 208 34 28
10 209 47 24
12 209 34 30
10 210 48 22
12 210 34 32
10 211 48 21
12 211 34 34
10 212 48 20
12 212 34 36
10 213 49 19
12 213 34 38
10 214 49 18
12 214 35 40
10 215 49 17
12 215 35 42
10 216 50 16
12 216 35 44
12 217 35 46
12 218 35 47
13 218 30 43
12 219 36 49
13 219 31 42
11 220 49 59
12 220 36 51
13 220 32 41
11 221 49 57
12 221 36 53
13 221 32 40
11 222 48 55
12 222 36 55
13 222 33 38
11 223 48 53
12 223 36 57
13 223 34 37
11 224 48 52
12 224 37 59
13 224 34 36
11 225 47 50
13 225 35 35
11 226 47 48
13 226 36 34
11 227 47 46
13 227 36 33
11 228 46 44
13 228 37 31
11 229 46 42
13 229 37 30
11 230 46 40
13 230 38 29
15 230 49 11
11 231 45 39
13 231 39 28
15 231 49 12
11 232 45 37
13 232 39 27
15 232 48 14
11 233 45 35
13 233 40 26
14 233 43 42
15 233 48 15
11 234 44 33
13 234 41 24
14 234 44 43
15 234 47 17
11 235 44 31
13 235 41 23
14 235 46 44
15 235 47 18
11 236 44 29
13 236 42 22
14 236 47 45
15 236 47 20
11 237 43 27
13 237 43 21
14 237 49 46
15 237 46 21
11 238 43 26
13 238 43 20
14 238 50 48
15 238 46 23
8 239 45 38
11 239 43 24
13 239 44 19
14 239 52 49
15 239 46 24
8 240 45 39
9 240 44 19
11 240 42 22
13 240 45 17
14 240 51 48
15 240 45 26
8 241 45 41
9 241 45 18
11 241 42 20
13 241 45 16
14 241 50 47
15 241 45 27
8 242 45 42
9 242 45 16
11 242 42 18
13 242 46 15
14 242 49 46
15 242 44 28
8 243 46 44
9 243 46 14
11 243 41 16
13 243 46 14
14 243 48 45
15 243 44 30
8 244 46 45
9 244 47 12
11 244 41 14
13 244 47 13
14 244 48 44
15 244 44 31
8 245 46 47
9 245 47 11
11 245 41 13
13 245 48 12
14 245 47 43
15 245 43 33
8 246 46 48
11 246 40 11
13 246 48 10
14 246 46 42
15 246 43 34
8 247 47 49
10 247 49 17
11 247 40 9
13 247 49 9
14 247 45 41
15 247 42 36
8 248 47 51
10 248 49 19
11 248 40 15
13 248 50 8
14 248 44 41
15 248 42 37
8 249 47 52
10 249 48 20
11 249 39 13
13 249 50 15
14 249 43 40
15 249 42 39
8 250 47 54
10 250 47 22
11 250 39 11
14 250 42 39
15 250 41 40
8 251 48 55
10 251 47 23
11 251 38 9
14 251 42 38
15 251 41 42
10 252 46 25
11 252 38 9
15 252 40 43
10 253 46 26
15 253 40 45
10 254 45 28
15 254 40 46
10 255 44 29
15 255 39 47
10 256 44 31
15 256 39 49
10 257 43 32
15 257 38 50
10 258 43 34
12 258 38 57
15 258 38 52
10 259 42 35
12 259 39 56
15 259 38 53
10 260 41 37
12 260 40 54
15 260 37 55
10 261 41 38
12 261 41 52
15 261 37 56
10 262 40 40
12 262 42 51
15 262 37 58
10 263 40 41
12 263 43 49
15 263 36 59
10 264 40 42
12 264 44 47
12 265 45 46
12 266 46 44
12 267 47 43
12 268 48 41
9 269 47 11
12 269 49 41
9 270 47 13
12 270 49 40
9 271 47 14
12 271 48 39
9 272 47 16
12 272 48 38
9 273 47 17
12 273 47 36
13 273 50 8
9 274 47 19
12 274 47 35
13 274 50 9
8 275 48 54
9 275 47 20
10 275 40 41
12 275 46 33
13 275 49 10
8 276 48 53
9 276 47 22
10 276 40 39
12 276 45 32
13 276 49 11
8 277 48 51
9 277 47 24
10 277 40 38
12 277 45 30
13 277 49 12
8 278 48 50
9 278 47 25
10 278 40 37
12 278 44 29
13 278 49 13
8 279 48 49
9 279 47 27
10 279 40 35
12 279 44 27
13 279 48 14
8 280 48 47
9 280 47 28
10 280 40 34
12 280 43 26
13 280 48 15
8 281 48 46
9 281 47 30
10 281 40 32
12 281 43 24
13 281 48 16
8 282 48 45
9 282 47 31
10 282 40 31
12 282 42 23
13 282 48 17
8 283 48 43
9 283 47 33
10 283 40 30
12 283 42 22
13 283 47 18
8 284 48 42
9 284 47 35
10 284 40 28
12 284 41 20
13 284 47 19
8 285 48 41
9 285 47 36
10 285 41 27
12 285 41 19
13 285 47 20
8 286 48 39
9 286 47 38
10 286 41 25
12 286 40 17
13 286 47 21
8 287 48 38
9 287 47 39
10 287 41 24
12 287 40 16
13 287 46 22
8 288 48 36
9 288 47 41
10 288 41 23
12 288 39 14
13 288 46 22
8 289 48 35
9 289 47 42
10 289 41 21
12 289 39 13
8 290 48 34
9 290 47 44
10 290 41 20
12 290 38 11
8 291 48 32
9 291 47 45
10 291 41 18
11 291 38 9
8 292 48 31
10 292 41 17
11 292 39 11
8 293 48 30
10 293 41 17
11 293 39 12
8 294 48 28
11 294 39 14
8 295 48 27
11 295 40 15
8 296 48 26
11 296 40 9
8 297 48 24
11 297 40 10
8 298 48 24
11 298 40 12
11 299 41 13
11 300 41 15
11 301 41 16
12 301 38 11
11 302 42 18
12 302 38 10
11 303 42 19
12 303 39 9
15 303 36 58
11 304 42 20
12 304 39 8
15 304 37 57
11 305 42 22
12 305 39 14
15 305 37 56
10 306 40 17
11 306 43 23
12 306 39 13
15 306 38 54
10 307 39 17
11 307 43 25
12 307 40 12
15 307 38 53
10 308 37 17
11 308 43 26
12 308 40 11
15 308 39 51
10 309 35 17
11 309 44 28
12 309 40 10
15 309 39 50
10 310 33 16
11 310 44 29
12 310 40 9
15 310 39 48
10 311 32 16
11 311 44 31
14 311 42 38
15 311 40 47
11 312 44 32
14 312 42 37
15 312 40 46
11 313 45 33
14 313 42 36
15 313 41 44
14 314 42 35
15 314 41 43
14 315 42 34
15 315 42 41
14 316 42 32
15 316 42 40
14 317 42 31
15 317 43 38
14 318 43 30
15 318 43 37
14 319 43 29
15 319 43 37
14 320 43 28
14 321 43 27
14 322 43 26
14 323 43 25
14 324 43 24
14 325 43 23
14 326 44 22
14 327 44 21
14 328 44 20
14 329 44 19
9 330 46 45
14 330 44 18
9 331 45 46
13 331 46 23
14 331 44 17
9 332 45 48
13 332 47 24
14 332 44 17
9 333 44 49
10 333 33 17
13 333 47 25
15 333 43 36
9 334 43 51
10 334 35 18
13 334 47 26
15 334 42 34
9 335 42 52
10 335 36 19
13 335 47 27
15 335 42 32
9 336 41 53
10 336 37 20
13 336 47 28
15 336 41 30
9 337 40 55
10 337 38 21
13 337 47 30
15 337 40 28
9 338 40 55
10 338 40 22
13 338 47 31
15 338 40 28
10 339 41 23
13 339 47 32
13 340 47 33
13 341 47 34
12 342 40 10
13 342 48 36
15 342 40 28
12 343 41 11
13 343 48 37
15 343 40 30
12 344 41 13
13 344 48 38
15 344 41 32
12 345 41 14
13 345 48 39
15 345 41 34
12 346 42 8
13 346 48 40
15 346 41 36
12 347 42 10
13 347 48 42
15 347 41 38
12 348 43 11
13 348 48 43
15 348 41 40
8 349 48 24
12 349 43 13
13 349 48 44
15 349 41 42
8 350 48 26
12 350 43 14
13 350 48 44
8 351 48 27
12 351 44 16
8 352 48 28
11 352 45 34
12 352 44 17
8 353 48 30
11 353 44 35
12 353 45 19
8 354 49 31
11 354 44 37
12 354 45 21
8 355 49 33
11 355 44 39
12 355 45 22
8 356 49 34
9 356 40 54
11 356 44 40
12 356 46 24
8 357 49 36
9 357 40 53
11 357 44 42
12 357 46 25
8 358 49 37
9 358 40 51
11 358 44 44
12 358 46 27
8 359 49 38
9 359 39 49
11 359 44 46
12 359 47 28
8 360 49 40
9 360 39 48
11 360 44 47
12 360 47 30
8 361 50 41
9 361 39 46
11 361 44 49
12 361 48 32
8 362 50 43
9 362 39 45
11 362 44 51
12 362 48 33
8 363 50 44
9 363 39 43
11 363 44 52
12 363 48 35
9 364 39 41
11 364 44 54
12 364 49 36
9 365 38 40
11 365 44 56
12 365 49 38
9 366 38 38
11 366 44 58
12 366 49 38
15 366 41 41
9 367 38 37
11 367 43 59
15 367 42 40
9 368 38 35
11 368 43 59
15 368 42 38
9 369 38 33
15 369 42 36
9 370 38 32
15 370 43 34
9 371 38 30
14 371 44 17
15 371 43 32
9 372 37 29
14 372 45 15
15 372 43 30
9 373 37 27
14 373 45 13
15 373 44 28
9 374 37 25
14 374 46 11
15 374 44 27
9 375 37 24
14 375 47 9
15 375 44 25
9 376 37 22
11 376 44 59
14 376 47 15
15 376 45 23
9 377 37 21
11 377 44 57
12 377 49 39
14 377 48 14
15 377 45 21
9 378 36 19
11 378 44 55
12 378 49 41
14 378 48 12
15 378 45 21
9 379 36 18
10 379 41 22
11 379 45 53
12 379 48 43
10 380 40 21
11 380 45 51
12 380 48 45
10 381 39 20
11 381 45 49
12 381 47 47
10 382 39 18
11 382 46 47
12 382 47 48
10 383 38 17
11 383 46 45
12 383 46 50
10 384 38 16
11 384 46 44
12 384 46 52
10 385 37 15
11 385 47 42
12 385 45 54
11 386 47 40
12 386 45 56
11 387 47 38
12 387 44 58
11 388 48 36
12 388 44 59
11 389 48 34
11 390 49 32
11 391 49 31
13 391 48 44
11 392 49 29
13 392 49 43
11 393 50 27
13 393 49 42
11 394 50 25
13 394 49 41
11 395 50 23
13 395 49 40
11 396 51 21
13 396 49 39
14 396 48 13
11 397 51 21
13 397 50 37
14 397 48 15
13 398 50 36
14 398 48 9
13 399 50 35
14 399 48 10
13 400 50 34
14 400 48 12
13 401 50 33
14 401 48 14
13 402 51 32
14 402 48 16
13 403 51 31
14 403 48 17
13 404 51 30
14 404 48 19
13 405 51 28
14 405 48 21
13 406 52 27
14 406 48 23
13 407 52 26
14 407 48 24
13 408 52 25
14 408 48 25
10 409 37 17
13 409 52 24
9 410 37 19
10 410 37 19
13 410 52 23
9 411 38 21
10 411 37 20
13 411 53 22
9 412 39 22
10 412 37 22
9 413 40 24
10 413 37 24
8 414 50 44
9 414 41 26
10 414 37 25
8 415 50 42
9 415 42 27
10 415 37 27
8 416 50 41
9 416 43 29
10 416 37 29
8 417 49 39
9 417 44 31
10 417 37 31
15 417 45 20
8 418 49 38
9 418 45 32
10 418 37 32
15 418 45 18
9 419 46 34
10 419 37 34
15 419 46 17
9 420 47 36
10 420 37 36
15 420 46 15
9 421 48 37
10 421 37 37
15 421 46 13
9 422 49 39
10 422 37 39
14 422 48 26
15 422 46 11
9 423 50 41
10 423 37 41
14 423 47 27
15 423 46 10
9 424 51 42
10 424 37 42
14 424 47 29
15 424 46 8
9 425 52 44
10 425 37 44
14 425 47 30
9 426 53 46
10 426 37 46
14 426 46 32
9 427 54 47
10 427 37 47
14 427 46 34
9 428 54 48
10 428 37 49
14 428 45 35
10 429 37 51
14 429 45 37
10 430 37 52
14 430 44 39
10 431 37 54
12 431 44 59
14 431 44 40
10 432 37 56
12 432 44 57
14 432 44 40
10 433 37 57
12 433 44 56
14 433 45 41
12 434 44 55
14 434 45 43
12 435 44 54
14 435 45 44
12 436 45 53
14 436 46 45
12 437 45 52
13 437 52 23
14 437 46 47
12 438 45 50
13 438 51 24
14 438 47 48
12 439 45 49
13 439 50 25
14 439 47 49
10 440 37 56
12 440 45 48
13 440 49 26
14 440 47 50
10 441 38 55
12 441 45 47
13 441 48 26
14 441 48 52
10 442 38 54
12 442 45 46
13 442 47 27
14 442 48 53
10 443 38 53
12 443 45 45
13 443 46 28
14 443 49 54
10 444 39 52
11 444 51 21
12 444 46 43
13 444 45 29
14 444 49 56
10 445 39 51
11 445 50 22
12 445 46 42
13 445 45 30
14 445 49 57
10 446 39 50
11 446 49 23
12 446 46 41
13 446 44 31
14 446 50 58
10 447 40 49
11 447 49 24
12 447 46 40
13 447 43 32
14 447 50 59
10 448 40 48
11 448 48 26
12 448 46 39
13 448 42 33
10 449 40 47
11 449 47 27
12 449 46 38
13 449 41 33
10 450 41 46
11 450 47 28
12 450 46 36
13 450 40 34
10 451 41 45
11 451 46 29
12 451 46 35
13 451 39 35
10 452 41 44
11 452 46 30
12 452 46 34
13 452 38 36
10 453 42 43
11 453 45 32
12 453 47 34
13 453 37 37
10 454 42 42
11 454 45 32
13 454 37 37
10 455 42 41
15 455 46 8
10 456 43 40
15 456 46 10
10 457 43 39
15 457 46 11
10 458 43 38
15 458 46 13
10 459 44 37
15 459 46 14
10 460 44 36
15 460 46 16
10 461 44 35
15 461 47 17
10 462 45 34
15 462 47 19
10 463 45 33
15 463 47 20
10 464 45 32
15 464 47 22
10 465 46 31
15 465 47 23
10 466 46 31
15 466 47 25
15 467 47 26
15 468 47 28
15 469 47 29
15 470 47 30
15 471 47 32
8 472 49 38
15 472 47 33
8 473 49 37
11 473 45 33
15 473 47 35
8 474 49 36
11 474 45 34
14 474 50 59
15 474 47 36
8 475 49 35
11 475 46 36
14 475 50 58
15 475 47 38
8 476 49 34
14 476 49 56
15 476 47 39
8 477 49 33
14 477 49 55
15 477 47 41
8 478 49 32
14 478 49 53
15 478 47 42
8 479 48 31
14 479 48 52
15 479 47 44
8 480 48 30
14 480 48 51
15 480 47 45
8 481 48 29
14 481 48 49
15 481 48 47
8 482 48 28
9 482 54 48
14 482 48 48
15 482 48 48
8 483 48 27
9 483 53 47
14 483 47 47
15 483 48 49
8 484 48 26
9 484 53 46
14 484 47 45
15 484 48 51
8 485 48 25
9 485 52 45
14 485 47 44
15 485 48 52
8 486 48 24
9 486 51 44
14 486 46 43
15 486 48 54
8 487 47 23
9 487 51 43
14 487 46 41
15 487 48 55
8 488 47 22
9 488 50 43
14 488 46 40
8 489 47 21
9 489 49 42
14 489 45 38
8 490 47 20
9 490 49 41
10 490 46 31
14 490 45 37
8 491 47 19
9 491 48 40
10 491 46 30
14 491 45 36
8 492 47 18
9 492 47 39
10 492 46 29
14 492 45 35
8 493 47 17
9 493 47 38
10 493 46 28
8 494 47 16
9 494 46 37
10 494 46 26
8 495 46 15
9 495 45 37
10 495 47 25
8 496 46 14
9 496 45 36
10 496 47 24
8 497 46 13
9 497 44 35
10 497 47 23
8 498 46 12
9 498 43 34
10 498 47 22
8 499 46 12
9 499 43 33
10 499 47 20
9 500 42 32
10 500 47 19
9 501 41 32
10 501 48 19
12 501 46 33
9 502 41 31
12 502 46 32
9 503 40 30
12 503 46 31
9 504 39 29
12 504 46 30
9 505 39 28
12 505 45 28
9 506 38 27
12 506 45 27
9 507 38 26
12 507 45 26
13 507 37 37
14 507 45 36
9 508 37 26
12 508 45 25
13 508 37 35
14 508 44 37
9 509 37 25
12 509 45 23
13 509 37 33
14 509 44 38
12 510 44 22
13 510 37 31
14 510 43 39
12 511 44 21
13 511 38 29
14 511 43 40
12 512 44 19
13 512 38 27
14 512 43 42
12 513 44 18
13 513 38 25
14 513 42 43
12 514 43 17
13 514 38 23
14 514 42 44
11 515 46 35
12 515 43 16
13 515 38 21
14 515 42 45
11 516 45 33
12 516 43 14
13 516 38 19
14 516 41 47
11 517 44 31
12 517 43 13
13 517 38 17
14 517 41 48
11 518 43 30
12 518 42 12
13 518 38 16
14 518 40 49
11 519 43 28
12 519 42 10
13 519 38 14
14 519 40 50
11 520 42 26
12 520 42 9
13 520 37 12
14 520 40 51
11 521 41 24
12 521 42 8
13 521 37 10
14 521 39 53
11 522 40 23
12 522 42 15
13 522 37 8
14 522 39 54
15 522 48 55
8 523 46 12
11 523 40 21
13 523 36 14
14 523 39 55
15 523 48 53
8 524 46 13
11 524 39 19
13 524 36 12
14 524 38 56
15 524 47 51
8 525 47 14
11 525 38 18
13 525 36 11
14 525 38 58
15 525 47 49
8 526 47 15
10 526 48 19
11 526 37 16
14 526 38 58
15 526 47 47
8 527 47 16
10 527 47 21
11 527 37 14
15 527 47 45
8 528 47 17
10 528 47 23
11 528 36 12
15 528 46 44
8 529 47 18
10 529 46 25
11 529 35 11
15 529 46 42
8 530 47 19
10 530 46 26
11 530 34 9
15 530 46 40
8 531 48 20
10 531 46 28
11 531 33 15
15 531 46 38
8 532 48 21
10 532 45 30
11 532 33 14
15 532 46 36
8 533 48 22
10 533 45 32
11 533 32 13
13 533 37 11
15 533 45 36
8 534 48 23
10 534 45 34
13 534 38 12
8 535 48 24
10 535 44 36
13 535 39 13
8 536 49 25
10 536 44 36
13 536 41 13
8 537 49 26
13 537 41 13
8 538 49 27
8 539 49 28
8 540 49 29
9 540 38 26
8 541 50 30
9 541 39 28
8 542 50 31
9 542 40 29
8 543 50 32
9 543 41 30
8 544 50 33
9 544 42 32
8 545 50 34
9 545 43 33
8 546 50 35
9 546 44 34
8 547 51 36
9 547 45 36
8 548 51 37
9 548 46 37
8 549 51 38
9 549 47 38
8 550 51 39
9 550 48 39
12 550 42 8
8 551 51 40
9 551 49 40
12 551 42 9
8 552 52 41
12 552 42 10
8 553 52 42
12 553 42 12
8 554 52 43
12 554 42 13
8 555 52 44
12 555 42 14
12 556 42 15
12 557 42 16
12 558 42 18
12 559 42 19
12 560 42 20
15 560 46 36
12 561 43 21
15 561 46 37
12 562 43 22
15 562 47 39
12 563 43 24
15 563 48 40
12 564 43 25
13 564 41 14
15 564 48 42
9 565 49 41
10 565 44 36
12 565 43 26
13 565 41 15
15 565 49 43
9 566 49 43
10 566 42 37
12 566 43 27
13 566 41 8
15 566 50 44
9 567 49 45
10 567 40 37
12 567 43 28
13 567 41 9
15 567 51 46
9 568 50 47
10 568 39 38
12 568 43 30
13 568 41 10
15 568 51 46
9 569 50 48
12 569 43 31
13 569 41 12
9 570 50 50
12 570 43 32
13 570 41 13
9 571 50 52
12 571 43 33
13 571 41 14
9 572 50 54
12 572 43 35
13 572 41 15
9 573 51 56
12 573 43 36
13 573 41 17
9 574 51 58
12 574 44 37
13 574 41 18
9 575 51 59
12 575 44 38
13 575 41 19
12 576 44 39
13 576 41 20
13 577 41 21
13 578 41 23
13 579 41 24
13 580 41 25
13 581 41 26
13 582 41 28
14 582 39 58
13 583 41 29
14 583 40 58
13 584 41 30
14 584 41 57
13 585 41 31
14 585 42 57
12 586 43 38
13 586 41 32
12 587 43 36
13 587 41 34
12 588 43 34
13 588 41 35
12 589 42 32
13 589 40 36
12 590 42 31
13 590 40 37
12 591 42 29
13 591 40 38
11 592 33 13
12 592 42 27
13 592 40 40
9 593 51 59
11 593 34 14
12 593 41 25
13 593 40 41
9 594 50 57
11 594 35 15
12 594 41 24
13 594 40 42
9 595 50 56
11 595 35 8
12 595 41 22
13 595 40 43
8 596 52 43
9 596 49 55
11 596 36 9
12 596 40 20
13 596 40 45
8 597 51 42
9 597 49 54
11 597 37 10
12 597 40 18
13 597 40 46
8 598 51 40
9 598 48 53
10 598 39 38
11 598 38 11
12 598 40 17
13 598 40 47
8 599 50 39
9 599 48 51
10 599 41 38
11 599 39 12
12 599 39 15
13 599 40 48
8 600 50 38
9 600 47 50
10 600 42 38
11 600 39 13
12 600 39 13
13 600 40 49
8 601 49 36
9 601 47 49
10 601 43 38
11 601 40 14
12 601 39 11
13 601 40 51
8 602 49 35
9 602 46 48
10 602 44 39
11 602 41 14
12 602 38 10
13 602 40 52
8 603 48 33
9 603 46 47
10 603 46 39
11 603 42 15
12 603 38 8
13 603 40 53
8 604 47 32
9 604 45 45
10 604 47 39
11 604 43 16
12 604 38 14
13 604 40 53
8 605 47 31
9 605 44 44
10 605 48 39
11 605 43 17
12 605 37 12
15 605 51 45
8 606 46 29
9 606 44 43
10 606 49 39
11 606 44 18
12 606 37 11
15 606 51 44
8 607 46 28
9 607 43 42
11 607 45 19
12 607 37 9
15 607 50 43
8 608 45 26
9 608 43 41
11 608 46 20
12 608 37 9
15 608 50 42
8 609 45 25
9 609 42 39
11 609 46 21
15 609 50 40
8 610 44 24
9 610 42 38
15 610 50 39
9 611 41 37
15 611 50 38
9 612 41 36
15 612 50 37
9 613 40 35
15 613 50 35
9 614 40 33
12 614 37 9
15 614 50 34
9 615 39 32
12 615 38 10
15 615 50 33
9 616 39 31
12 616 38 11
15 616 50 32
9 617 38 30
12 617 39 13
15 617 49 30
9 618 37 29
12 618 40 14
15 618 49 29
9 619 37 27
12 619 40 15
15 619 49 28
9 620 36 26
12 620 41 8
15 620 49 27
9 621 36 25
12 621 42 10
15 621 49 25
9 622 35 24
12 622 42 11
9 623 35 23
12 623 43 12
9 624 34 21
12 624 44 13
9 625 34 20
12 625 44 14
9 626 33 19
9 627 33 19
11 633 47 22
13 633 40 53
11 634 47 23
12 634 44 16
13 634 40 51
11 635 48 25
12 635 44 17
13 635 40 50
11 636 49 27
12 636 44 19
13 636 40 49
11 637 49 29
12 637 44 21
13 637 41 47
15 637 49 26
11 638 50 31
12 638 44 23
13 638 41 46
14 638 42 56
15 638 48 27
11 639 51 32
12 639 44 24
13 639 41 45
14 639 43 55
15 639 48 28
11 640 51 34
12 640 44 26
13 640 41 43
14 640 43 53
15 640 47 29
9 641 34 19
11 641 52 35
12 641 44 28
13 641 41 42
14 641 44 52
15 641 47 30
9 642 35 20
12 642 44 30
13 642 41 41
14 642 44 50
15 642 47 32
9 643 36 21
12 643 45 32
13 643 41 39
14 643 45 48
15 643 46 33
9 644 37 21
12 644 45 33
13 644 41 38
14 644 46 47
15 644 46 34
9 645 38 22
12 645 45 35
13 645 42 37
14 645 46 45
15 645 46 35
9 646 39 23
12 646 45 37
13 646 42 35
14 646 47 43
15 646 45 36
9 647 40 23
12 647 45 39
13 647 42 34
14 647 47 42
15 647 45 37
9 648 41 24
12 648 45 40
13 648 42 33
14 648 48 40
15 648 44 38
9 649 42 24
12 649 45 42
13 649 42 31
14 649 48 39
15 649 44 39
9 650 43 25
12 650 45 44
13 650 42 30
14 650 49 37
15 650 44 40
9 651 44 26
12 651 45 46
13 651 42 29
14 651 50 35
15 651 43 41
9 652 45 26
12 652 45 47
13 652 42 27
14 652 50 34
15 652 43 42
9 653 47 27
12 653 45 49
13 653 42 26
14 653 51 32
15 653 42 43
9 654 48 28
12 654 45 51
13 654 43 25
14 654 51 32
15 654 42 44
9 655 49 28
12 655 45 53
13 655 43 23
15 655 42 45
9 656 50 29
12 656 45 53
13 656 43 22
15 656 41 46
9 657 51 30
13 657 43 21
15 657 41 48
9 658 52 30
13 658 43 19
15 658 40 49
9 659 52 30
10 659 48 38
13 659 43 18
15 659 40 50
10 660 47 37
13 660 43 17
15 660 40 51
10 661 47 36
11 661 52 35
13 661 43 15
15 661 39 52
8 662 45 26
10 662 46 35
11 662 51 34
13 662 44 14
15 662 39 53
8 663 45 27
10 663 45 33
11 663 51 33
13 663 44 13
15 663 38 54
8 664 46 29
10 664 45 32
11 664 51 32
13 664 44 12
15 664 38 55
8 665 46 31
10 665 44 31
11 665 50 31
15 665 38 56
8 666 47 32
10 666 43 29
11 666 50 30
15 666 37 57
8 667 47 34
10 667 43 28
11 667 50 29
14 667 52 33
15 667 37 58
8 668 48 36
10 668 42 27
11 668 50 28
14 668 53 34
8 669 48 37
10 669 41 26
11 669 49 27
14 669 54 35
8 670 48 37
10 670 41 24
11 670 49 26
14 670 55 36
10 671 40 23
11 671 49 25
10 672 39 22
11 672 48 24
10 673 39 20
11 673 48 23
10 674 38 19
11 674 48 21
10 675 37 18
11 675 47 20
10 676 37 17
11 676 47 19
11 677 47 18
11 678 47 17
9 679 52 29
11 679 46 17
9 680 52 28
9 681 51 27
9 682 51 25
9 683 51 24
9 684 51 23
9 685 51 21
9 686 50 20
9 687 50 18
9 688 50 17
9 689 50 16
9 690 50 14
9 691 49 13
13 691 44 12
9 692 49 12
10 692 37 18
13 692 43 14
9 693 49 10
10 693 38 19
13 693 43 15
9 694 49 9
10 694 39 20
13 694 43 17
9 695 49 15
10 695 40 22
13 695 42 19
9 696 49 14
10 696 41 23
13 696 42 21
10 697 42 24
13 697 42 22
10 698 43 25
13 698 41 24
10 699 44 27
13 699 41 26
10 700 45 28
13 700 40 28
13 701 40 29
13 702 40 31
13 703 39 33
15 703 37 57
13 704 39 35
15 704 38 55
12 705 45 52
13 705 39 36
15 705 38 53
12 706 44 51
13 706 38 38
15 706 39 52
12 707 44 49
13 707 38 40
15 707 39 50
12 708 43 47
13 708 37 42
15 708 39 48
12 709 43 46
13 709 37 43
15 709 40 47
12 710 42 44
13 710 37 44
15 710 40 45
12 711 42 43
15 711 41 43
12 712 41 41
15 712 41 41
12 713 41 40
15 713 42 40
15 714 42 38
15 715 42 36
15 716 43 35
15 717 43 33
15 718 44 31
14 719 55 36
15 719 44 29
14 720 54 37
15 720 45 28
9 721 48 15
14 721 52 38
15 721 45 27
9 722 48 9
14 722 51 39
9 723 48 10
14 723 50 40
9 724 48 11
14 724 49 42
9 725 47 12
13 725 37 44
14 725 47 43
9 726 47 14
13 726 37 42
14 726 46 44
9 727 47 15
13 727 38 41
14 727 45 45
9 728 47 16
13 728 38 39
14 728 44 46
8 729 48 37
9 729 46 17
13 729 38 38
14 729 42 47
8 730 47 36
9 730 46 18
13 730 39 36
14 730 41 49
8 731 46 36
9 731 46 20
13 731 39 35
14 731 40 50
8 732 45 35
9 732 46 21
13 732 40 33
14 732 39 51
8 733 44 34
9 733 45 22
13 733 40 32
14 733 37 52
8 734 43 33
9 734 45 23
13 734 40 30
14 734 36 53
8 735 43 33
9 735 45 25
13 735 41 29
14 735 35 55
8 736 42 32
9 736 45 26
13 736 41 27
14 736 36 55
8 737 41 31
9 737 45 27
11 737 46 17
13 737 41 26
14 737 38 54
8 738 40 30
9 738 44 28
11 738 46 18
13 738 42 24
14 738 40 54
8 739 39 30
9 739 44 29
11 739 46 20
13 739 42 23
14 739 42 54
8 740 38 29
9 740 44 31
11 740 45 21
13 740 42 22
14 740 44 54
8 741 37 28
9 741 44 32
11 741 45 22
13 741 43 20
14 741 46 54
8 742 36 27
9 742 43 33
11 742 45 24
13 742 43 19
14 742 47 53
8 743 36 27
9 743 43 34
11 743 45 25
13 743 44 17
8 744 35 26
9 744 43 36
11 744 44 26
13 744 44 16
8 745 34 25
9 745 43 37
11 745 44 28
13 745 44 14
8 746 33 24
9 746 42 38
11 746 44 29
13 746 45 13
8 747 32 24
9 747 42 39
13 747 45 12
8 748 31 23
9 748 42 40
8 749 31 23
9 749 42 42
12 749 41 39
9 750 41 43
12 750 41 37
9 751 41 44
12 751 40 35
9 752 41 45
12 752 40 34
9 753 41 46
12 753 40 32
9 754 40 48
12 754 40 30
9 755 40 49
12 755 40 28
9 756 40 50
12 756 40 26
8 757 31 23
9 757 40 51
12 757 40 25
8 758 32 23
9 758 40 53
12 758 40 23
8 759 33 24
9 759 39 53
12 759 40 21
8 760 34 24
10 760 45 29
12 760 40 19
8 761 35 25
10 761 45 30
12 761 40 17
8 762 36 26
10 762 45 32
12 762 40 16
8 763 36 26
10 763 45 34
12 763 40 14
8 764 37 27
10 764 45 35
11 764 44 28
12 764 40 12
8 765 38 27
10 765 45 37
11 765 44 27
12 765 40 10
8 766 39 28
10 766 45 38
11 766 44 26
12 766 40 8
8 767 40 29
10 767 45 40
11 767 45 25
12 767 40 15
8 768 41 29
10 768 46 42
11 768 45 24
12 768 40 13
8 769 42 30
10 769 46 43
11 769 45 23
12 769 40 11
8 770 43 30
10 770 46 45
11 770 45 22
8 771 43 31
10 771 46 47
11 771 46 21
8 772 44 31
10 772 46 48
11 772 46 20
8 773 45 32
10 773 46 50
11 773 46 19
10 774 46 52
11 774 46 18
10 775 46 53
11 775 47 17
15 775 46 26
10 776 47 55
11 776 47 16
15 776 46 25
8 777 46 33
10 777 47 56
11 777 47 15
8 778 46 34
10 778 47 58
11 778 47 14
12 778 40 12
8 779 47 36
10 779 47 59
11 779 47 13
12 779 39 12
8 780 48 37
11 780 48 12
12 780 37 13
8 781 48 39
11 781 48 11
12 781 36 13
8 782 49 40
11 782 48 10
12 782 36 13
8 783 50 42
11 783 48 8
8 784 50 42
11 784 49 15
11 785 49 14
11 786 49 13
11 787 49 12
11 788 50 11
11 789 50 10
11 790 50 10
10 794 47 58
10 795 48 58
10 796 48 57
14 796 47 53
10 797 49 56
14 797 47 52
9 798 40 53
10 798 50 55
12 798 37 15
14 798 47 50
9 799 40 52
10 799 50 54
12 799 37 8
14 799 46 49
9 800 41 50
10 800 51 53
12 800 38 10
13 800 45 13
14 800 46 48
9 801 42 49
10 801 52 53
12 801 38 12
13 801 45 15
14 801 45 46
9 802 42 47
10 802 52 52
12 802 39 13
13 802 44 16
14 802 45 45
9 803 43 46
12 803 39 15
13 803 44 18
14 803 45 43
9 804 44 45
12 804 40 17
13 804 44 19
14 804 44 42
9 805 45 43
12 805 41 18
13 805 44 21
14 805 44 41
9 806 45 42
12 806 41 20
13 806 44 22
14 806 44 39
9 807 46 40
12 807 42 22
13 807 44 24
14 807 43 38
9 808 47 39
12 808 42 23
13 808 44 25
14 808 43 37
9 809 48 37
12 809 43 25
13 809 44 27
9 810 48 36
12 810 43 27
13 810 44 28
9 811 49 35
12 811 44 28
13 811 44 30
9 812 50 33
12 812 44 30
13 812 44 31
9 813 50 32
12 813 45 32
13 813 43 33
9 814 51 30
12 814 46 33
13 814 43 34
15 814 45 24
9 815 52 29
12 815 46 35
13 815 43 36
15 815 45 24
9 816 53 28
12 816 47 37
13 816 43 37
9 817 53 26
12 817 47 38
13 817 43 39
8 818 50 41
9 818 54 25
12 818 48 40
13 818 43 40
8 819 51 40
9 819 55 24
12 819 48 42
13 819 43 41
8 820 51 38
12 820 49 44
13 820 43 43
12 821 50 45
13 821 43 44
12 822 50 47
13 822 43 46
12 823 51 49
13 823 43 47
12 824 51 50
13 824 42 49
11 825 50 11
12 825 52 52
13 825 42 50
11 826 49 12
12 826 52 54
13 826 42 52
11 827 49 13
12 827 53 55
13 827 42 53
11 828 49 14
12 828 53 56
13 828 42 53
11 829 49 15
11 830 48 8
11 831 48 9
11 832 48 10
11 833 48 11
11 834 47 11
11 835 47 12
11 836 47 13
11 837 46 14
11 838 46 15
11 839 46 16
11 840 46 17
11 841 45 18
10 842 52 52
11 842 45 19
10 843 51 51
11 843 45 20
10 844 51 50
11 844 44 21
12 844 53 55
10 845 51 48
11 845 44 22
12 845 53 53
10 846 50 47
11 846 44 23
12 846 52 51
10 847 50 46
11 847 44 24
12 847 52 49
10 848 50 45
11 848 43 25
12 848 51 47
8 849 51 38
10 849 49 44
11 849 43 26
12 849 51 45
14 849 43 36
8 850 51 37
10 850 49 43
11 850 43 27
12 850 51 43
14 850 42 35
8 851 51 36
10 851 49 42
11 851 43 28
12 851 50 42
14 851 42 33
8 852 51 35
10 852 48 41
11 852 42 29
12 852 50 40
14 852 42 32
8 853 50 34
10 853 48 40
11 853 42 30
12 853 50 38
14 853 42 30
8 854 50 33
10 854 48 39
11 854 42 31
12 854 49 36
14 854 41 28
8 855 50 32
10 855 47 38
11 855 41 32
12 855 49 34
14 855 41 27
8 856 50 31
10 856 47 37
11 856 41 33
12 856 48 32
14 856 41 25
15 856 45 23
8 857 50 30
10 857 47 36
11 857 41 34
12 857 48 30
14 857 40 24
15 857 45 22
8 858 49 29
10 858 46 35
11 858 41 35
12 858 48 28
14 858 40 22
15 858 46 21
8 859 49 28
10 859 46 34
11 859 40 36
12 859 47 26
14 859 40 21
15 859 46 21
8 860 49 27
10 860 46 33
11 860 40 37
12 860 47 24
14 860 39 19
8 861 49 26
10 861 45 32
11 861 40 38
12 861 47 22
14 861 39 18
8 862 49 25
10 862 45 31
11 862 39 39
12 862 46 20
14 862 39 16
8 863 48 24
10 863 45 30
11 863 39 40
12 863 46 18
14 863 39 15
8 864 48 23
10 864 44 29
11 864 39 41
12 864 45 16
14 864 38 14
8 865 48 22
10 865 44 28
11 865 39 42
12 865 45 14
8 866 48 21
9 866 54 24
10 866 44 27
11 866 38 43
12 866 45 12
8 867 48 20
9 867 53 26
10 867 43 26
11 867 38 44
12 867 44 10
13 867 42 53
8 868 47 19
9 868 53 28
10 868 43 25
11 868 38 45
12 868 44 8
13 868 42 51
8 869 47 18
9 869 52 30
10 869 43 23
11 869 38 45
12 869 44 14
13 869 42 50
8 870 47 17
9 870 51 31
10 870 42 22
11 870 37 46
12 870 43 13
13 870 42 49
8 871 47 16
9 871 50 33
10 871 42 21
11 871 37 47
13 871 42 48
9 872 49 35
10 872 42 20
11 872 37 48
13 872 42 47
9 873 49 36
10 873 41 19
11 873 36 49
13 873 42 46
9 874 48 38
10 874 41 19
11 874 36 50
13 874 42 45
9 875 47 40
11 875 36 51
13 875 42 44
9 876 46 41
11 876 36 52
13 876 41 43
14 876 38 14
9 877 45 43
11 877 35 53
13 877 41 42
14 877 38 15
9 878 44 45
11 878 35 54
13 878 41 41
14 878 38 17
9 879 44 47
11 879 35 55
13 879 41 40
14 879 38 18
9 880 43 47
11 880 35 54
13 880 41 39
14 880 38 19
11 881 35 52
13 881 41 38
14 881 38 21
11 882 36 50
13 882 41 37
14 882 38 22
11 883 36 48
13 883 41 36
14 883 38 24
11 884 36 46
13 884 41 35
14 884 38 25
11 885 37 45
13 885 41 34
14 885 38 26
11 886 37 43
13 886 41 33
14 886 38 28
11 887 37 41
13 887 41 32
14 887 38 29
11 888 37 39
13 888 41 31
14 888 38 31
11 889 38 37
13 889 41 30
14 889 38 32
11 890 38 35
13 890 40 28
14 890 38 33
15 890 46 21
11 891 38 34
13 891 40 27
14 891 38 35
15 891 47 23
11 892 39 32
13 892 40 26
14 892 38 36
15 892 47 25
11 893 39 30
13 893 40 25
14 893 38 38
15 893 48 27
11 894 39 28
13 894 40 24
14 894 38 38
15 894 49 28
8 895 47 15
11 895 40 26
13 895 40 23
15 895 49 30
8 896 46 13
11 896 40 25
13 896 40 22
15 896 50 32
8 897 46 11
11 897 40 23
13 897 40 21
15 897 51 34
8 898 45 9
11 898 41 21
13 898 40 20
15 898 51 36
8 899 45 8
11 899 41 19
13 899 40 19
15 899 52 37
8 900 45 14
11 900 41 17
13 900 40 19
15 900 53 39
8 901 44 12
11 901 41 15
15 901 53 41
8 902 44 10
11 902 42 14
8 903 43 9
11 903 42 12
8 904 43 8
11 904 42 10
11 905 43 8
11 906 43 14
11 907 43 14
14 908 38 38
14 909 38 39
14 910 39 40
11 911 43 14
14 911 39 42
11 912 44 8
14 912 40 43
11 913 44 9
14 913 40 44
9 914 43 46
11 914 44 10
14 914 40 45
9 915 43 45
11 915 45 12
14 915 41 46
9 916 43 43
11 916 45 13
14 916 41 47
9 917 42 41
11 917 45 14
13 917 40 20
14 917 42 48
9 918 42 39
10 918 42 18
11 918 46 16
13 918 40 21
14 918 42 49
9 919 42 37
10 919 42 17
11 919 46 17
13 919 40 23
14 919 43 50
9 920 42 35
10 920 43 15
11 920 46 18
13 920 40 24
14 920 43 52
9 921 42 35
10 921 43 14
11 921 47 20
13 921 40 26
14 921 44 53
9 922 42 35
10 922 44 13
11 922 47 21
13 922 40 27
14 922 44 54
9 923 44 34
10 923 45 11
11 923 47 21
13 923 40 28
14 923 45 55
9 924 46 33
10 924 45 10
12 924 43 13
13 924 40 30
9 925 47 32
10 925 46 9
12 925 43 14
13 925 40 31
9 926 49 31
10 926 46 8
12 926 43 15
13 926 40 33
9 927 49 31
10 927 47 14
12 927 42 9
13 927 40 34
10 928 47 13
12 928 42 10
13 928 40 36
10 929 48 12
12 929 42 11
13 929 40 37
10 930 48 11
12 930 41 12
13 930 40 39
12 931 41 14
13 931 40 40
12 932 41 15
13 932 40 42
12 933 40 16
13 933 40 43
14 933 43 56
12 934 40 17
13 934 40 45
14 934 42 58
12 935 40 19
13 935 40 46
14 935 41 59
9 936 49 31
12 936 39 20
13 936 40 47
9 937 47 32
12 937 39 21
9 938 46 33
12 938 39 23
9 939 45 33
12 939 38 23
8 944 44 9
14 944 41 58
15 944 53 41
8 945 44 11
14 945 41 56
15 945 51 41
8 946 45 13
14 946 41 55
15 946 49 40
8 947 45 14
14 947 41 53
15 947 48 40
8 948 46 8
14 948 40 52
15 948 46 40
8 949 46 10
14 949 40 50
15 949 44 40
8 950 47 12
14 950 40 48
15 950 43 40
8 951 47 13
14 951 40 47
15 951 41 40
8 952 48 15
14 952 40 45
15 952 40 40
8 953 49 17
14 953 39 43
8 954 49 18
14 954 39 42
8 955 50 20
10 955 48 13
14 955 39 40
8 956 50 22
10 956 47 14
14 956 39 39
8 957 51 23
10 957 47 15
11 957 46 21
14 957 39 37
8 958 51 25
10 958 47 8
11 958 44 21
14 958 39 36
8 959 52 27
10 959 47 10
11 959 42 20
8 960 52 29
10 960 46 11
11 960 40 20
8 961 53 30
10 961 46 12
11 961 38 20
8 962 53 32
10 962 46 13
11 962 36 20
8 963 54 34
10 963 45 15
11 963 34 19
8 964 54 35
10 964 45 16
11 964 34 19
8 965 55 37
10 965 45 17
10 966 44 18
10 967 44 20
10 968 44 21
10 969 43 22
10 970 43 24
11 970 34 20
10 971 43 25
11 971 36 21
10 972 43 26
11 972 37 22
10 973 42 27
11 973 39 23
10 974 42 29
11 974 40 24
10 975 42 30
11 975 42 25
10 976 41 31
11 976 43 26
14 976 38 35
10 977 41 32
11 977 45 28
14 977 38 33
10 978 41 34
11 978 46 29
14 978 38 31
10 979 40 35
11 979 48 30
14 979 38 29
10 980 40 36
11 980 48 30
14 980 38 28
10 981 40 37
14 981 38 26
10 982 40 38
14 982 38 24
14 983 38 22
14 984 37 20
11 985 48 31
14 985 37 18
11 986 47 32
14 986 37 16
8 987 55 37
11 987 47 34
14 987 37 14
15 987 40 39
8 988 54 36
11 988 47 36
14 988 37 12
15 988 40 38
8 989 53 35
11 989 47 38
14 989 37 11
15 989 40 36
8 990 52 35
11 990 46 39
14 990 37 9
15 990 39 35
8 991 51 34
9 991 45 34
11 991 46 41
14 991 37 15
15 991 39 34
8 992 50 33
9 992 45 36
11 992 46 43
13 992 40 46
14 992 36 13
15 992 39 32
8 993 49 32
9 993 45 37
11 993 45 45
13 993 40 45
14 993 36 11
15 993 39 31
8 994 48 32
9 994 45 39
11 994 45 46
13 994 40 45
14 994 36 9
15 994 39 30
8 995 48 31
9 995 45 41
11 995 45 48
14 995 36 8
15 995 39 29
8 996 47 30
9 996 45 42
11 996 44 50
12 996 39 23
15 996 39 27
8 997 46 29
9 997 45 44
11 997 44 51
12 997 40 24
15 997 39 26
8 998 45 29
9 998 45 46
11 998 44 53
12 998 41 26
15 998 38 25
8 999 44 28
9 999 45 47
11 999 43 55
12 999 42 27
15 999 38 24
8 1000 43 27
9 1000 45 49
11 1000 43 57
12 1000 43 29
15 1000 38 22
8 1001 42 26
9 1001 45 51
11 1001 43 58
12 1001 44 30
15 1001 38 21
8 1002 41 26
9 1002 45 53
12 1002 45 32
15 1002 38 20
8 1003 41 25
9 1003 45 54
12 1003 46 33
9 1004 45 56
12 1004 47 34
9 1005 45 58
12 1005 48 36
9 1006 45 59
12 1006 49 37
9 1007 45 59
12 1007 50 39
12 1008 51 40
12 1009 51 40
10 1010 40 38
12 1010 50 39
10 1011 40 37
12 1011 50 37
10 1012 40 35
12 1012 49 35
10 1013 40 34
12 1013 49 34
13 1013 40 43
10 1014 40 33
12 1014 48 32
13 1014 40 42
10 1015 40 31
12 1015 48 31
13 1015 41 41
10 1016 40 30
12 1016 48 29
13 1016 41 39
10 1017 40 29
12 1017 47 28
13 1017 41 38
10 1018 40 27
12 1018 47 26
13 1018 41 37
10 1019 40 26
12 1019 46 25
13 1019 41 35
10 1020 40 24
13 1020 41 34
14 1020 36 9
10 1021 40 23
13 1021 42 32
14 1021 37 11
10 1022 41 22
13 1022 42 31
14 1022 37 13
10 1023 41 20
13 1023 42 30
14 1023 37 15
10 1024 41 19
13 1024 42 28
14 1024 37 8
10 1025 41 18
13 1025 42 27
14 1025 38 10
10 1026 41 16
13 1026 42 26
14 1026 38 12
10 1027 41 15
13 1027 42 24
14 1027 38 14
10 1028 41 13
13 1028 43 23
14 1028 38 15
10 1029 41 12
13 1029 43 22
14 1029 39 17
10 1030 41 11
13 1030 43 20
14 1030 39 19
10 1031 41 9
12 1031 46 25
13 1031 43 19
14 1031 39 21
15 1031 38 20
10 1032 41 8
12 1032 46 27
13 1032 43 17
14 1032 40 23
15 1032 40 21
10 1033 41 15
12 1033 45 28
13 1033 43 16
14 1033 40 24
15 1033 41 22
10 1034 42 13
12 1034 44 30
13 1034 44 15
14 1034 40 26
15 1034 43 22
10 1035 42 12
12 1035 44 32
13 1035 44 13
14 1035 40 28
15 1035 44 23
10 1036 42 10
12 1036 43 33
13 1036 44 12
14 1036 41 30
15 1036 45 23
10 1037 42 10
12 1037 42 35
13 1037 44 11
14 1037 41 31
11 1038 43 58
12 1038 42 35
13 1038 44 9
14 1038 41 33
11 1039 43 56
13 1039 44 8
14 1039 42 35
11 1040 43 55
13 1040 45 15
14 1040 42 37
11 1041 43 54
13 1041 45 13
14 1041 42 38
11 1042 43 53
13 1042 45 12
14 1042 42 40
11 1043 44 51
13 1043 45 11
14 1043 43 42
11 1044 44 50
14 1044 43 44
11 1045 44 49
14 1045 43 44
8 1046 41 26
11 1046 44 48
8 1047 41 28
11 1047 44 46
8 1048 42 29
11 1048 44 45
8 1049 42 31
11 1049 45 44
8 1050 42 32
11 1050 45 43
8 1051 43 34
11 1051 45 41
8 1052 43 35
11 1052 45 40
8 1053 43 36
11 1053 45 39
8 1054 44 38
11 1054 45 38
8 1055 44 39
11 1055 46 37
8 1056 44 41
8 1057 45 42
8 1058 45 44
8 1059 45 45
9 1063 45 59
9 1064 45 57
9 1065 45 55
15 1065 45 22
9 1066 45 54
15 1066 45 20
9 1067 44 52
15 1067 45 19
9 1068 44 51
15 1068 45 17
9 1069 44 49
15 1069 45 16
9 1070 44 47
15 1070 45 14
9 1071 43 46
15 1071 45 12
9 1072 43 44
15 1072 45 11
9 1073 43 43
15 1073 45 9
9 1074 43 41
15 1074 45 8
9 1075 43 40
15 1075 45 14
11 1076 46 37
15 1076 45 13
8 1077 45 44
11 1077 45 39
15 1077 45 13
8 1078 45 43
11 1078 45 40
8 1079 45 42
11 1079 45 41
8 1080 46 41
11 1080 45 42
15 1080 45 12
8 1081 46 40
11 1081 45 44
15 1081 46 11
8 1082 46 38
11 1082 45 45
15 1082 48 10
8 1083 46 37
11 1083 45 46
15 1083 49 9
8 1084 46 36
11 1084 45 47
12 1084 42 34
15 1084 49 9
8 1085 46 35
11 1085 44 48
12 1085 41 32
8 1086 47 33
11 1086 44 50
12 1086 41 31
8 1087 47 33
10 1087 42 11
11 1087 44 51
12 1087 41 29
10 1088 42 12
12 1088 41 27
10 1089 43 14
12 1089 41 26
13 1089 45 12
10 1090 43 15
12 1090 40 24
13 1090 45 14
10 1091 43 8
12 1091 40 23
13 1091 45 15
10 1092 44 10
12 1092 40 21
13 1092 45 8
9 1093 43 40
10 1093 44 11
12 1093 40 19
13 1093 45 9
9 1094 43 38
10 1094 44 13
12 1094 40 18
13 1094 45 11
9 1095 43 37
10 1095 44 14
13 1095 45 12
9 1096 43 36
10 1096 45 15
13 1096 45 13
9 1097 43 35
10 1097 45 17
13 1097 45 14
9 1098 44 34
10 1098 45 18
14 1098 44 44
9 1099 44 32
10 1099 46 20
14 1099 46 44
9 1100 44 31
10 1100 46 21
14 1100 47 44
15 1100 49 10
9 1101 44 30
10 1101 46 22
14 1101 48 44
15 1101 49 12
9 1102 44 29
10 1102 47 24
15 1102 49 14
9 1103 45 27
10 1103 47 25
15 1103 49 15
9 1104 45 26
10 1104 47 26
15 1104 49 9
9 1105 45 25
10 1105 47 27
15 1105 49 11
9 1106 45 24
15 1106 49 13
9 1107 45 22
14 1107 48 43
15 1107 49 15
9 1108 45 21
14 1108 48 42
15 1108 48 16
9 1109 46 20
14 1109 48 41
15 1109 48 18
9 1110 46 19
14 1110 47 40
15 1110 48 20
9 1111 46 18
14 1111 47 39
15 1111 48 22
9 1112 46 16
14 1112 47 37
15 1112 48 24
9 1113 46 15
14 1113 47 36
15 1113 48 25
9 1114 46 14
14 1114 47 35
15 1114 48 27
9 1115 47 13
14 1115 47 34
15 1115 48 29
8 1116 47 32
9 1116 47 11
14 1116 47 33
15 1116 47 31
8 1117 47 31
9 1117 47 10
14 1117 47 32
15 1117 47 33
8 1118 47 30
9 1118 47 9
14 1118 47 31
15 1118 47 35
8 1119 47 29
9 1119 47 8
14 1119 47 30
15 1119 47 36
8 1120 48 28
9 1120 47 8
14 1120 47 28
15 1120 47 38
8 1121 48 27
14 1121 47 27
15 1121 47 39
8 1122 48 26
14 1122 47 26
8 1123 48 25
14 1123 46 25
8 1124 48 24
11 1124 44 51
14 1124 46 24
8 1125 49 23
11 1125 45 49
14 1125 46 23
8 1126 49 22
11 1126 45 48
14 1126 46 22
8 1127 49 21
11 1127 45 49
14 1127 46 21
8 1128 49 20
11 1128 44 51
14 1128 46 19
8 1129 49 19
11 1129 44 52
14 1129 46 18
8 1130 50 18
11 1130 43 53
14 1130 46 17
8 1131 50 17
11 1131 43 55
14 1131 46 16
8 1132 50 16
11 1132 42 56
14 1132 46 15
8 1133 50 15
11 1133 42 57
14 1133 46 14
8 1134 50 14
14 1134 46 13
8 1135 51 13
9 1135 47 8
14 1135 45 12
8 1136 51 12
9 1136 46 9
14 1136 45 10
8 1137 51 11
9 1137 46 11
14 1137 45 9
8 1138 51 10
9 1138 45 12
14 1138 45 8
8 1139 51 9
9 1139 44 14
14 1139 45 15
8 1140 52 8
9 1140 43 15
14 1140 45 14
8 1141 52 15
14 1141 45 13
14 1142 45 12
14 1143 45 10
14 1144 45 9
14 1145 45 9
14 1148 45 9
14 1149 45 11
14 1150 45 13
14 1151 45 14
14 1152 45 8
12 1153 39 20
14 1153 45 10
12 1154 39 22
14 1154 45 11
12 1155 39 24
13 1155 45 14
14 1155 45 13
12 1156 39 25
13 1156 45 16
14 1156 45 14
12 1157 39 27
13 1157 45 18
14 1157 45 16
12 1158 39 29
13 1158 45 19
14 1158 45 18
11 1159 43 57
12 1159 39 31
13 1159 45 21
14 1159 46 19
11 1160 45 57
12 1160 38 33
13 1160 45 22
14 1160 46 21
11 1161 46 57
12 1161 38 35
13 1161 45 24
14 1161 46 23
15 1161 46 39
11 1162 48 56
12 1162 38 37
13 1162 45 25
14 1162 46 24
15 1162 45 40
10 1163 48 28
11 1163 50 56
12 1163 38 39
13 1163 45 27
14 1163 46 26
15 1163 44 40
10 1164 48 29
11 1164 51 56
12 1164 38 40
13 1164 45 28
14 1164 46 28
15 1164 43 40
8 1165 52 15
10 1165 48 30
11 1165 53 56
13 1165 45 30
14 1165 46 29
15 1165 42 40
8 1166 51 8
10 1166 49 31
11 1166 55 56
13 1166 45 31
14 1166 46 31
15 1166 41 41
8 1167 50 9
10 1167 49 32
11 1167 55 56
13 1167 45 33
14 1167 46 33
15 1167 40 41
8 1168 49 9
10 1168 49 33
13 1168 45 35
14 1168 46 34
15 1168 40 41
8 1169 48 10
9 1169 43 16
10 1169 50 34
13 1169 45 36
14 1169 46 36
8 1170 47 10
9 1170 43 18
10 1170 50 35
13 1170 45 38
14 1170 46 38
8 1171 46 11
9 1171 43 19
10 1171 50 36
13 1171 45 39
14 1171 46 39
8 1172 46 12
9 1172 43 21
10 1172 51 37
13 1172 45 41
14 1172 46 41
8 1173 45 12
9 1173 43 23
10 1173 51 38
12 1173 38 39
13 1173 45 41
14 1173 46 43
8 1174 44 13
9 1174 43 24
10 1174 51 39
12 1174 38 38
14 1174 46 44
8 1175 43 13
9 1175 43 26
10 1175 52 41
11 1175 55 56
12 1175 37 36
14 1175 47 46
8 1176 42 14
9 1176 43 28
10 1176 52 42
11 1176 55 54
12 1176 37 35
14 1176 47 48
8 1177 41 15
9 1177 43 29
10 1177 52 43
11 1177 55 52
12 1177 37 33
14 1177 47 49
8 1178 41 15
9 1178 44 31
10 1178 53 44
11 1178 54 50
12 1178 37 32
14 1178 47 50
9 1179 44 33
10 1179 53 45
11 1179 54 48
12 1179 37 31
9 1180 44 34
10 1180 53 46
11 1180 53 46
12 1180 37 29
9 1181 44 36
10 1181 53 46
11 1181 53 44
12 1181 36 28
9 1182 44 38
11 1182 53 43
12 1182 36 26
9 1183 44 39
11 1183 52 41
12 1183 36 25
9 1184 44 41
11 1184 52 39
12 1184 36 23
9 1185 44 42
11 1185 52 37
9 1186 44 44
11 1186 51 35
9 1187 44 46
11 1187 51 33
9 1188 44 47
11 1188 51 31
9 1189 44 49
11 1189 50 29
9 1190 44 51
11 1190 50 28
12 1190 36 23
9 1191 44 52
11 1191 50 26
12 1191 36 21
9 1192 44 54
11 1192 49 24
12 1192 37 20
9 1193 44 56
11 1193 49 22
12 1193 37 19
9 1194 44 56
11 1194 49 20
12 1194 37 18
11 1195 48 18
12 1195 38 16
11 1196 48 16
12 1196 38 15
10 1197 53 46
11 1197 47 14
12 1197 38 14
10 1198 52 45
11 1198 47 12
12 1198 39 13
10 1199 51 44
11 1199 47 11
12 1199 39 11
10 1200 50 43
11 1200 46 9
12 1200 39 10  
